1 -1 
19.1123 19.1123 19.1123
-7.04215 -0.79029 -5.37133 0 0 0
3.41851 8.30797 0.371091 0 0 0
-8.89539 0.567638 -9.40901 0 0 0
-8.27863 3.56965 8.22662 0 0 0
0.51467 2.94174 3.84521 0 0 0
5.0112 -8.64898 -3.28284 0 0 0
4.90059 -2.57368 9.22264 0 0 0
4.84221 -8.16695 7.35263 0 0 0
-1.21532 -0.425597 -4.30204 0 0 0
-6.37381 7.60012 -8.39862 0 0 0
0.0864428 -3.45869 -0.115119 0 0 0
-7.82203 -8.14663 -2.21431 0 0 0
7.90899 -0.679521 -8.59892 0 0 0
5.16422 -7.16012 3.60181 0 0 0
2.47587 4.30814 7.4265 0 0 0
-3.70163 0.253691 6.6125 0 0 0
6.52705 -1.617 -0.613172 0 0 0
-6.14789 1.36949 -8.92441 0 0 0
-0.0290484 4.74544 7.46788 0 0 0
6.53716 -5.48997 -7.06338 0 0 0
-4.30813 -1.63805 4.01013 0 0 0
-4.9709 -3.48724 2.90619 0 0 0
3.46594 -2.14582 -6.73645 0 0 0
6.60474 8.7039 -6.72463 0 0 0
-1.74368 1.24036 -0.219513 0 0 0
8.81258 -5.73832 2.47063 0 0 0
2.8908 5.79242 -0.450442 0 0 0
-5.67156 7.6769 -6.84179 0 0 0
-1.71412 7.37062 -6.45616 0 0 0
-2.57368 -6.97389 -0.85418 0 0 0
-0.911652 8.25028 -5.44225 0 0 0
7.81543 6.89685 0.11383 0 0 0
6.06932 -0.721584 2.53694 0 0 0
6.20571 3.86463 8.6849 0 0 0
-4.02665 0.275879 -1.64311 0 0 0
7.19703 4.391 4.12142 0 0 0
3.94736 -9.19124 0.477566 0 0 0
-8.31014 -0.211321 3.47937 0 0 0
7.96282 7.45415 -6.89581 0 0 0
9.35283 -1.03162 0.280176 0 0 0
-1.15198 5.86078 -5.51353 0 0 0
-6.62041 2.22372 -9.53934 0 0 0
4.34489 -1.57249 3.45095 0 0 0
6.42975 6.28236 -7.99395 0 0 0
2.47641 -5.47477 -2.12484 0 0 0
8.55361 -4.41083 -4.12758 0 0 0
5.42531 -4.1635 -9.33986 0 0 0
9.23574 6.11069 -1.94671 0 0 0
-6.17555 -6.54154 -4.64106 0 0 0
-7.61362 2.57476 5.63372 0 0 0
4.83427 2.55015 1.87714 0 0 0
-3.46357 -7.31165 0.499275 0 0 0
1.68167 3.87959 -6.46592 0 0 0
6.88473 1.08626 -3.51652 0 0 0
0.545622 1.68416 -1.32166 0 0 0
-2.48027 -1.01551 -2.1438 0 0 0
-8.06035 -4.70311 3.36829 0 0 0
4.36923 8.50024 8.41252 0 0 0
-0.756193 3.08387 2.01902 0 0 0
-6.68177 -2.985 0.435907 0 0 0
-9.2704 2.73265 7.98602 0 0 0
8.98443 6.57415 -0.845688 0 0 0
-9.13407 3.95528 -1.21098 0 0 0
4.81075 3.73987 4.8519 0 0 0
-9.47484 -8.02875 7.708 0 0 0
0.841374 -5.43121 2.42461 0 0 0
4.00058 -4.19918 -2.4481 0 0 0
-3.6281 -7.57234 5.2727 0 0 0
-8.49964 -6.49294 -3.87937 0 0 0
-0.42421 0.382026 -6.68334 0 0 0
9.30544 -9.52446 -8.99509 0 0 0
-0.19778 4.56705 0.693141 0 0 0
-7.21475 -5.95776 2.1812 0 0 0
-7.14928 8.67752 6.46189 0 0 0
-4.60579 -1.44611 7.60505 0 0 0
-5.55093 0.897796 -6.19287 0 0 0
-1.30139 3.58192 6.42567 0 0 0
9.04672 -8.02041 5.14956 0 0 0
-4.7751 5.14338 4.76377 0 0 0
3.47205 -8.86107 -5.31957 0 0 0
2.91695 -2.45658 -5.08976 0 0 0
-6.38489 -6.50281 3.09607 0 0 0
8.58442 2.31346 -9.21318 0 0 0
-8.30703 9.12 -3.26713 0 0 0
4.64952 -6.28069 8.40415 0 0 0
-4.68332 -7.18911 -6.49659 0 0 0
-7.54582 -2.51208 -3.30207 0 0 0
1.46736 4.93566 3.81846 0 0 0
8.31846 -2.6359 -0.858669 0 0 0
-4.96077 -1.49881 -4.01804 0 0 0
-5.42051 0.524424 6.95004 0 0 0
4.04348 -2.23955 -0.769025 0 0 0
5.64486 -9.49443 3.14758 0 0 0
-5.98549 -6.99435 8.52493 0 0 0
2.02593 -2.91478 0.184591 0 0 0
6.38997 -3.2599 2.5183 0 0 0
-8.7645 5.10422 0.368928 0 0 0
-5.34158 -7.85529 3.94595 0 0 0
-4.55296 -2.3247 -5.11048 0 0 0
-0.582953 9.12111 -8.90168 0 0 0
-8.95145 1.75046 -3.25714 0 0 0
0.698138 -1.84279 8.92371 0 0 0
7.02403 -6.72006 2.66661 0 0 0
8.25487 6.02814 1.3915 0 0 0
8.50975 -6.58583 -2.9889 0 0 0
-7.71107 -9.12793 6.82072 0 0 0
3.33557 3.79303 -5.88689 0 0 0
-2.94574 -6.86684 -5.31978 0 0 0
1.64396 -9.05273 5.01399 0 0 0
-8.0783 8.13233 -1.32934 0 0 0
6.33106 1.94253 0.369567 0 0 0
-6.47105 1.42119 0.600647 0 0 0
3.19269 0.931461 3.2102 0 0 0
1.36811 -1.12164 0.0434752 0 0 0
-7.50768 0.990578 2.12358 0 0 0
5.19912 -0.254554 3.76504 0 0 0
-0.251336 4.02218 -4.26879 0 0 0
-4.20272 0.582725 -5.05706 0 0 0
1.86299 8.03198 6.13843 0 0 0
-5.15516 7.63576 2.89579 0 0 0
8.33173 6.85683 8.64699 0 0 0
-7.20629 3.86969 -7.497 0 0 0
-7.64748 -2.9705 4.92373 0 0 0
-3.23459 1.39869 -5.68625 0 0 0
9.06587 -0.155942 5.82757 0 0 0
-6.50621 -6.7036 -2.28185 0 0 0
-1.44998 2.89158 -8.40668 0 0 0
-8.95594 0.424573 -4.25825 0 0 0
1.66013 5.96103 8.40695 0 0 0
1.52635 7.27765 -5.93343 0 0 0
-7.83884 -1.59021 3.33878 0 0 0
5.98304 5.14809 7.57848 0 0 0
-0.258576 -2.34155 3.58504 0 0 0
-8.0879 -0.427336 -5.00705 0 0 0
9.09517 3.46312 -2.62985 0 0 0
5.62432 -8.15118 -0.308227 0 0 0
-0.00654919 8.27262 -6.76201 0 0 0
-8.021 -1.75494 8.85205 0 0 0
-5.77038 -5.80426 1.4464 0 0 0
1.63744 -2.51895 1.91376 0 0 0
-6.71247 9.46823 -1.85886 0 0 0
2.79986 5.71524 -2.72022 0 0 0
-3.16678 -6.78682 3.189 0 0 0
-3.54153 1.95422 8.04301 0 0 0
0.315954 -4.50795 6.37678 0 0 0
2.57288 -0.801839 -6.57705 0 0 0
3.17213 5.63584 -4.03929 0 0 0
-3.42853 4.18856 -5.12409 0 0 0
-2.42039 -8.14469 1.2649 0 0 0
-1.4802 -3.95541 -2.72301 0 0 0
1.70901 -0.706032 8.49449 0 0 0
-8.59132 1.83339 6.96015 0 0 0
-7.55739 6.37161 3.03108 0 0 0
-9.19461 -5.83538 0.440967 0 0 0
4.20078 6.4424 3.05582 0 0 0
2.73357 0.666563 -3.37468 0 0 0
-1.10143 -4.26839 -7.31546 0 0 0
6.4289 -3.19312 0.687207 0 0 0
8.21618 -4.90749 1.8486 0 0 0
-4.83591 -5.80673 6.42167 0 0 0
2.35545 3.28059 7.09608 0 0 0
-7.34663 3.36501 -0.868707 0 0 0
-8.9394 6.78643 3.08521 0 0 0
-8.41017 -4.21439 -6.18435 0 0 0
7.59225 1.7996 3.64914 0 0 0
1.32524 -1.2518 -5.67332 0 0 0
-4.34914 -4.88701 -0.440506 0 0 0
8.8191 -5.40094 5.39873 0 0 0
8.7927 1.40284 -7.08983 0 0 0
3.22815 -2.16528 6.32801 0 0 0
-7.19684 2.83006 6.66436 0 0 0
1.54751 -6.55256 -6.32407 0 0 0
3.27492 7.38709 -3.02265 0 0 0
-6.3078 -8.15743 4.78134 0 0 0
-6.41027 5.22152 -1.26278 0 0 0
8.20531 -4.46679 5.5957 0 0 0
-5.46772 -2.28148 8.19014 0 0 0
2.22779 -2.74578 -5.77381 0 0 0
5.56436 -9.20732 -7.36722 0 0 0
2.95531 -2.24736 -3.2244 0 0 0
7.91952 -2.0364 6.3367 0 0 0
-7.07901 8.44896 -2.82746 0 0 0
1.37401 6.57847 6.06465 0 0 0
-1.23513 -2.88295 8.01031 0 0 0
4.67448 5.28297 2.14168 0 0 0
-3.54327 -7.14948 -7.0086 0 0 0
-5.07095 3.51563 6.77027 0 0 0
-7.25929 8.48953 -8.40439 0 0 0
-8.5293 5.96886 -8.94763 0 0 0
9.06815 3.26972 -5.00327 0 0 0
1.71452 -5.20308 -0.997393 0 0 0
8.27572 0.257995 6.87107 0 0 0
2.09219 2.37002 2.75962 0 0 0
-7.24946 -6.92408 0.814189 0 0 0
7.3888 -2.62616 -3.83753 0 0 0
7.89341 8.98848 5.69302 0 0 0
-0.980072 3.70637 -0.607593 0 0 0
-1.88151 -0.626714 0.33629 0 0 0
7.63091 -6.93787 3.61479 0 0 0
-1.7339 -8.95878 -5.87422 0 0 0
2.54076 -9.55088 -2.93505 0 0 0
-0.148935 -3.46794 -6.91861 0 0 0
-2.16135 -8.48328 5.07492 0 0 0
8.82836 9.53879 -2.871 0 0 0
0.262966 2.06451 5.70407 0 0 0
-6.75291 0.454576 1.36895 0 0 0
4.66482 -1.85803 1.05983 0 0 0
2.18838 2.17739 -8.79808 0 0 0
-2.99128 -6.28042 -1.45549 0 0 0
4.40295 -2.56785 -7.90091 0 0 0
-1.56404 -3.33963 1.22287 0 0 0
0.608921 -8.40479 -7.45126 0 0 0
0.946345 -7.12435 -8.42188 0 0 0
-6.51066 -4.14101 1.87217 0 0 0
-8.35424 8.58894 -4.16206 0 0 0
-1.3221 -5.75986 4.95383 0 0 0
8.04504 -9.48316 -6.15125 0 0 0
3.21609 0.334125 -0.631329 0 0 0
7.30758 -5.65889 -9.24892 0 0 0
-7.47131 1.16839 -4.86418 0 0 0
-8.982 7.38406 0.905946 0 0 0
-0.247544 8.34459 0.934715 0 0 0
4.84184 -6.26006 -2.28532 0 0 0
8.92616 -3.7959 7.46245 0 0 0
-4.77126 6.48969 3.98451 0 0 0
0.502655 -7.80673 5.39215 0 0 0
-3.67225 4.90472 2.77789 0 0 0
-6.60841 -0.856245 -6.45177 0 0 0
-1.73812 -6.35893 9.27769 0 0 0
-3.18086 -2.78416 -3.39911 0 0 0
2.70201 -8.83593 -8.06129 0 0 0
-0.169678 -4.72611 3.03147 0 0 0
-9.52433 -7.62829 8.70594 0 0 0
-5.34398 -4.69086 -4.91165 0 0 0
0.940868 6.72082 1.10107 0 0 0
7.68307 4.96341 9.52346 0 0 0
-2.38827 4.69249 5.08985 0 0 0
2.70754 -7.59774 6.94465 0 0 0
8.23692 -3.99129 9.08597 0 0 0
6.31984 -5.93203 5.06875 0 0 0
-8.93807 -2.38068 -5.86465 0 0 0
1.85289 0.945646 5.2938 0 0 0
3.98297 7.33079 9.4541 0 0 0
-0.00433564 4.74816 3.62574 0 0 0
-6.2836 -4.15066 7.85233 0 0 0
-1.92445 7.69257 0.924368 0 0 0
-4.52669 -5.04882 -3.14195 0 0 0
0.798822 4.70705 4.94433 0 0 0
-1.78222 3.86602 3.08047 0 0 0
-4.27363 -3.79449 8.68255 0 0 0
7.68894 9.06381 -1.72091 0 0 0
5.65796 1.94957 -7.45518 0 0 0
-8.16021 -2.22886 -2.08452 0 0 0
1.1297 3.80391 -9.34317 0 0 0
-2.15237 1.25549 -4.42286 0 0 0
-6.4672 5.89251 -5.89287 0 0 0
2.83157 -8.16372 -2.31344 0 0 0
-0.128917 -5.42319 -2.80709 0 0 0
7.49486 -1.16297 9.21533 0 0 0
1.46472 -6.81841 -0.00315035 0 0 0
-7.97751 -6.25111 -2.39627 0 0 0
-6.40864 -4.86547 5.56466 0 0 0
-4.76382 0.952053 0.292235 0 0 0
-2.83113 -1.67786 7.94473 0 0 0
1.31171 -1.90123 5.85514 0 0 0
-8.72653 -7.06965 8.96786 0 0 0
-5.5959 6.32011 -3.7066 0 0 0
9.26796 -3.19426 -7.98139 0 0 0
3.47186 -5.65431 -6.42294 0 0 0
1.84821 9.3025 6.16942 0 0 0
3.56312 2.44634 -1.97515 0 0 0
-1.528 -0.425082 5.99404 0 0 0
3.20366 2.91396 -4.21059 0 0 0
-9.45711 -8.42475 -5.45351 0 0 0
-4.70809 4.55183 -0.512394 0 0 0
8.08567 -4.76556 3.51493 0 0 0
-0.498408 0.122129 6.40388 0 0 0
9.04205 -6.71407 -1.97835 0 0 0
4.62521 -4.35501 -6.10813 0 0 0
5.49874 -8.07962 6.5195 0 0 0
8.50134 8.52337 -2.34739 0 0 0
6.2823 -5.18706 6.90774 0 0 0
8.68942 7.05269 4.78006 0 0 0
-1.57757 -1.84037 -2.6364 0 0 0
-5.65865 6.18434 8.9032 0 0 0
-1.58939 4.29956 -1.62262 0 0 0
1.97544 9.3159 -9.47583 0 0 0
-7.06815 3.39878 -5.02972 0 0 0
3.45442 -6.76588 1.88791 0 0 0
-8.14733 -5.67703 4.44549 0 0 0
8.75753 4.59606 -5.43845 0 0 0
6.48212 -5.37773 -4.38242 0 0 0
6.41877 2.34725 -0.807829 0 0 0
-1.22753 -4.92183 2.51981 0 0 0
-0.567059 -3.08754 6.76189 0 0 0
-6.07807 0.591155 4.30583 0 0 0
7.03119 -8.81726 -0.234848 0 0 0
-2.76645 -6.40179 -3.62507 0 0 0
-6.6822 7.77309 1.75287 0 0 0
6.29427 -5.51691 1.56944 0 0 0
-6.59262 -3.67863 -2.51118 0 0 0
-8.88776 -8.3095 5.17167 0 0 0
-3.76758 8.93027 3.78089 0 0 0
-6.60462 1.2511 3.61198 0 0 0
-0.786647 -6.46382 -9.31797 0 0 0
5.83868 1.21343 1.44589 0 0 0
4.36626 0.2069 -0.482105 0 0 0
1.62802 4.31215 -2.9588 0 0 0
-8.92625 4.92278 -1.73649 0 0 0
-6.44976 -8.89352 -6.274 0 0 0
8.54377 6.11769 -3.19866 0 0 0
6.40327 -1.12018 -8.42764 0 0 0
2.75764 -5.56386 3.60937 0 0 0
-2.54155 -7.19151 5.98662 0 0 0
0.775108 4.451 0.949542 0 0 0
3.95279 4.22282 3.92372 0 0 0
3.82695 -0.186153 -6.1305 0 0 0
-5.08366 0.529203 -3.07834 0 0 0
3.33721 1.84886 6.13376 0 0 0
-8.56471 -6.9055 6.80514 0 0 0
-9.13087 -4.28911 -7.66068 0 0 0
5.393 5.68365 -9.22688 0 0 0
2.42389 -3.59334 -3.42837 0 0 0
6.00676 4.53066 -7.07627 0 0 0
-3.51326 -7.5666 7.3355 0 0 0
2.21945 7.22847 -2.35154 0 0 0
5.80622 2.82619 -8.35077 0 0 0
1.7563 -3.22458 -4.76474 0 0 0
-6.0036 -5.01013 -5.87213 0 0 0
-2.97394 -3.49732 9.17659 0 0 0
3.09959 8.1973 5.47064 0 0 0
2.89053 -6.09378 -4.64072 0 0 0
-9.09186 -0.311088 8.93819 0 0 0
7.3675 7.0578 -5.88957 0 0 0
-5.24117 6.07667 0.835464 0 0 0
-6.0575 7.52346 -4.21473 0 0 0
-2.83303 3.69303 -8.73129 0 0 0
-3.38465 -8.42502 -5.82917 0 0 0
0.303421 0.82613 2.14754 0 0 0
9.19853 2.73729 -5.89984 0 0 0
-6.27492 8.19512 -1.96118 0 0 0
-5.81174 5.75901 6.19734 0 0 0
4.66557 3.05215 0.13009 0 0 0
-6.19645 -4.4339 -0.867138 0 0 0
8.77091 -6.22689 0.30181 0 0 0
8.84749 -7.65352 -7.56066 0 0 0
5.62358 -2.29155 -6.88353 0 0 0
-7.70481 -7.24349 4.07626 0 0 0
1.52088 1.67514 9.46696 0 0 0
-8.32087 -2.3724 -4.99861 0 0 0
9.22895 -6.99293 2.70767 0 0 0
2.97486 -2.84584 7.25006 0 0 0
-6.27673 -0.316749 -7.72122 0 0 0
-7.204 -7.25407 -6.99336 0 0 0
-1.49858 -4.62828 1.33648 0 0 0
-7.69912 -2.99496 7.97027 0 0 0
1.65809 5.96007 0.314224 0 0 0
1.13952 3.85624 -4.51081 0 0 0
-7.31095 -8.57804 -8.65305 0 0 0
5.61854 -4.20256 -5.2905 0 0 0
-5.23417 -6.44009 3.80336 0 0 0
-7.98226 -7.12581 -5.08158 0 0 0
6.83638 -2.51088 -5.71291 0 0 0
3.62475 5.03845 -9.30496 0 0 0
-8.5184 8.35067 7.36751 0 0 0
-3.40348 -6.20041 -6.44632 0 0 0
5.30792 -1.09282 -7.04245 0 0 0
-3.04204 -2.55506 4.30693 0 0 0
5.22128 6.99583 -1.52051 0 0 0
2.9669 2.36857 -0.512361 0 0 0
5.15619 -4.51535 -7.8758 0 0 0
1.26385 -3.77019 -6.84916 0 0 0
4.19784 4.82057 -8.32276 0 0 0
3.65256 9.48082 1.56391 0 0 0
-9.08273 -0.643108 -1.64018 0 0 0
-5.48127 6.4046 -6.01322 0 0 0
6.06739 -0.627405 -2.0174 0 0 0
-3.3287 7.85188 0.205958 0 0 0
-6.67542 8.44966 0.0607257 0 0 0
-0.185923 -4.28653 7.71397 0 0 0
-3.70511 -2.55112 8.80043 0 0 0
3.04867 1.59936 0.324096 0 0 0
-2.4481 0.735652 -8.70804 0 0 0
6.04351 2.56546 -6.34664 0 0 0
8.24751 -8.38762 -2.62063 0 0 0
-0.367881 3.81247 5.98942 0 0 0
-9.51725 -8.20699 -9.55602 0 0 0
9.03012 1.83813 -3.53938 0 0 0
-5.68936 2.7866 1.65882 0 0 0
-1.35414 -5.47342 8.6669 0 0 0
-6.94116 3.48792 4.19986 0 0 0
-4.59652 9.50173 -5.79768 0 0 0
-6.57242 -8.38568 2.27669 0 0 0
-2.83102 -2.7019 -6.75728 0 0 0
0.399232 6.9376 8.66917 0 0 0
6.88179 7.7836 8.60575 0 0 0
7.67995 -2.53131 -9.23613 0 0 0
7.11705 7.96015 6.77593 0 0 0
1.48281 -5.97957 5.18552 0 0 0
-0.286187 5.43522 -8.99738 0 0 0
6.84442 4.39871 -3.20242 0 0 0
-4.97322 5.9631 -7.61283 0 0 0
-8.29332 9.19623 0.524065 0 0 0
-2.58724 -4.26878 -0.921676 0 0 0
-0.072357 8.27322 -1.03648 0 0 0
-4.38921 -6.68485 7.00163 0 0 0
8.34258 8.00044 -8.88705 0 0 0
-6.26488 -4.11904 0.835508 0 0 0
-9.51845 -8.95104 2.19438 0 0 0
-6.66871 2.11631 -2.25034 0 0 0
-0.900416 4.39491 -6.8373 0 0 0
-7.50512 8.95299 -7.03434 0 0 0
-6.85478 7.78607 -5.15024 0 0 0
-4.80188 -5.36764 2.92331 0 0 0
-5.24252 -7.81018 -9.40504 0 0 0
6.91474 3.65483 -4.63164 0 0 0
8.54646 -4.18013 -5.75107 0 0 0
7.68079 2.11229 6.26545 0 0 0
6.99324 -7.75573 6.90479 0 0 0
0.35604 -0.27263 -9.45122 0 0 0
-6.37678 1.02382 9.08707 0 0 0
-1.51186 -5.07784 -1.50027 0 0 0
-7.60211 -1.32345 -0.737096 0 0 0
2.53347 4.92843 -1.47928 0 0 0
1.26517 -1.28389 1.9697 0 0 0
-0.474797 -5.13354 0.283075 0 0 0
9.1513 -1.42337 3.2455 0 0 0
-6.77543 4.41313 -0.231426 0 0 0
-7.45893 5.3174 -1.07004 0 0 0
-6.61015 1.79631 6.40155 0 0 0
3.8258 -1.73787 7.65621 0 0 0
-6.53125 4.17681 -1.77789 0 0 0
-4.95402 -2.64513 6.1298 0 0 0
-3.54335 -3.17678 2.78381 0 0 0
-2.49183 -6.62805 -8.66549 0 0 0
2.06136 1.29487 -1.59125 0 0 0
2.54642 3.75097 -4.86018 0 0 0
6.33395 2.78771 4.3865 0 0 0
-3.15554 8.88858 1.75821 0 0 0
-0.0478265 -3.78058 -9.41591 0 0 0
4.84145 -1.36392 -9.44826 0 0 0
-0.902937 -1.16349 3.30632 0 0 0
-3.9186 6.94792 -3.17308 0 0 0
7.00092 -7.45094 -9.27915 0 0 0
4.92813 6.67704 9.46933 0 0 0
-2.93357 -5.13991 0.943633 0 0 0
-7.84863 -5.75756 8.2133 0 0 0
-0.100526 -2.62448 4.88169 0 0 0
3.45084 -1.08778 1.00914 0 0 0
6.85326 5.54437 -0.736596 0 0 0
-1.26261 8.34953 5.33094 0 0 0
-0.108516 -8.02026 8.50545 0 0 0
3.97203 0.173874 -8.04568 0 0 0
-2.54099 5.01357 -7.6918 0 0 0
-4.49632 -1.02299 -8.54478 0 0 0
7.90785 2.49781 9.09339 0 0 0
-2.80078 6.64893 8.81295 0 0 0
6.84744 7.02919 -9.42979 0 0 0
-2.80139 2.42461 4.6648 0 0 0
-4.64406 -0.2814 -6.82496 0 0 0
4.42607 -1.70424 5.98755 0 0 0
0.466124 1.66474 4.51594 0 0 0
6.58478 -7.3877 3.52738 0 0 0
-9.19269 -0.34021 -7.16638 0 0 0
-1.81954 -0.339681 -3.18365 0 0 0
-8.59865 -1.90582 2.08933 0 0 0
-1.36816 -1.39837 -7.65767 0 0 0
-0.458305 1.31855 -8.00013 0 0 0
-2.28485 2.60119 -5.85305 0 0 0
6.02531 5.64667 -6.82421 0 0 0
-5.33133 -1.59089 -7.57322 0 0 0
-1.15373 5.38175 5.25179 0 0 0
-8.65669 6.04024 1.17653 0 0 0
-8.10792 -4.43988 1.50956 0 0 0
0.186397 8.71821 5.34386 0 0 0
8.67728 1.03796 7.85013 0 0 0
-1.6846 -0.862053 4.46125 0 0 0
5.57342 2.3173 0.956905 0 0 0
3.52377 4.76529 1.86139 0 0 0
-3.71145 -3.31224 -0.663386 0 0 0
-6.86538 6.11833 -4.26175 0 0 0
7.09496 5.51779 -5.07938 0 0 0
1.32283 8.03346 9.14439 0 0 0
6.01467 6.96161 7.8493 0 0 0
2.48242 6.31894 1.25771 0 0 0
5.35319 0.495562 2.47936 0 0 0
-2.70935 0.181745 2.41923 0 0 0
4.08215 -6.9887 5.50767 0 0 0
5.80228 -6.43284 9.41978 0 0 0
-2.12064 -3.02606 -5.5722 0 0 0
5.98845 -1.22751 -4.13503 0 0 0
6.44691 0.672013 -2.19872 0 0 0
1.10447 7.64262 7.66295 0 0 0
-1.30611 4.58989 -5.37441 0 0 0
1.68537 7.03072 3.48209 0 0 0
-1.00355 -6.11998 1.32741 0 0 0
-1.16585 -0.666441 -1.41884 0 0 0
-3.14692 7.94099 -6.98641 0 0 0
8.08395 4.39588 1.02286 0 0 0
-5.2522 7.99036 0.896948 0 0 0
-4.18771 5.66281 -3.97148 0 0 0
-5.35389 8.25952 -8.88723 0 0 0
1.11295 5.22538 -1.00933 0 0 0
1.28245 -3.93655 -8.42831 0 0 0
-4.42768 7.32764 6.27708 0 0 0
1.93362 7.31464 0.128964 0 0 0
-4.24471 5.17211 -6.18677 0 0 0
1.95597 -6.99354 -2.16413 0 0 0
-5.41421 9.35598 -6.88103 0 0 0
-3.33928 -9.448 -6.20274 0 0 0
-8.83533 3.24344 3.78849 0 0 0
-7.93808 -0.637039 9.13663 0 0 0
-0.0445438 3.30713 -1.87782 0 0 0
8.48564 -8.14609 -6.61711 0 0 0
5.32612 0.66801 -5.0111 0 0 0
-8.28582 0.018276 -8.70609 0 0 0
0.439943 3.21234 0.720464 0 0 0
3.9346 7.32378 7.74067 0 0 0
9.44948 4.97109 -3.83098 0 0 0
6.72602 -5.50128 8.39633 0 0 0
-0.517211 6.34821 8.59003 0 0 0
1.65113 1.68547 -7.50967 0 0 0
3.53294 4.76153 6.87393 0 0 0
-9.12274 -0.243184 -3.32643 0 0 0
-2.50784 1.42064 6.00664 0 0 0
-8.22468 -0.452806 6.67177 0 0 0
-2.70107 -1.74839 1.82983 0 0 0
7.12842 -8.367 -6.81739 0 0 0
3.99828 -7.92678 4.88861 0 0 0
-1.37317 -8.66316 -0.936307 0 0 0
-7.43477 5.16007 5.44849 0 0 0
6.88112 -0.488265 4.37525 0 0 0
-7.91415 -8.56967 -6.01788 0 0 0
9.18091 -0.584094 -5.26957 0 0 0
-3.427 5.0022 5.06854 0 0 0
-4.8079 1.30343 -4.70014 0 0 0
6.14341 3.91992 1.53608 0 0 0
-6.82972 -1.92552 8.68719 0 0 0
4.78174 -4.84058 8.74034 0 0 0
-6.85645 0.288874 8.55667 0 0 0
2.1213 -8.70757 5.97092 0 0 0
4.09139 -0.281472 -2.48696 0 0 0
-4.43618 6.82255 -6.2688 0 0 0
4.40879 9.36384 3.99579 0 0 0
7.55039 -7.57386 -2.53826 0 0 0
4.03224 2.0409 8.39255 0 0 0
-4.32091 -7.58272 1.40083 0 0 0
-3.8498 -7.14307 -1.6786 0 0 0
-6.61304 -1.25736 -4.06514 0 0 0
-6.24044 5.22857 4.72116 0 0 0
-7.44724 -2.27901 -5.51922 0 0 0
-8.2136 0.907408 8.31129 0 0 0
7.744 6.82261 -3.83189 0 0 0
6.18128 2.04225 -2.44197 0 0 0
-5.32553 4.75201 6.32681 0 0 0
4.14418 -9.41888 -7.91191 0 0 0
-0.745079 -0.0362301 8.32411 0 0 0
7.52965 3.34271 -2.94354 0 0 0
-4.22096 9.39974 8.80485 0 0 0
0.313855 6.02588 6.7663 0 0 0
-2.82563 -8.40971 -0.981427 0 0 0
0.725618 1.52379 -3.6304 0 0 0
-1.99788 -3.75084 -1.59059 0 0 0
-4.52069 -0.229102 9.38877 0 0 0
-4.88592 5.94722 -2.26218 0 0 0
-5.7228 8.24581 9.16237 0 0 0
-0.328615 0.999628 2.94476 0 0 0
-6.66878 7.26799 9.39541 0 0 0
0.48655 5.3972 -7.69257 0 0 0
8.55265 8.39871 3.86785 0 0 0
-7.88284 8.67668 5.75698 0 0 0
9.21497 -2.29727 7.79785 0 0 0
9.46977 1.05686 -5.32117 0 0 0
-1.71168 9.47933 -8.5422 0 0 0
-0.228226 1.87378 -6.13018 0 0 0
5.82567 5.20436 -2.0519 0 0 0
-2.53059 -6.84953 8.44951 0 0 0
2.39703 8.15377 -7.89299 0 0 0
-5.04371 5.72577 3.20242 0 0 0
4.93675 -5.57184 -8.49495 0 0 0
-4.99651 -0.0960129 5.38964 0 0 0
-1.28693 7.77137 7.78931 0 0 0
-8.88681 -3.95279 4.74383 0 0 0
0.230842 -1.23148 -3.58026 0 0 0
-5.61777 3.31413 -2.57197 0 0 0
-2.57948 -7.96 8.21006 0 0 0
-7.87275 -3.85386 -8.18465 0 0 0
9.13986 3.64969 3.69377 0 0 0
-5.16271 -1.42454 1.50484 0 0 0
2.14896 -2.94524 -2.03697 0 0 0
-5.54614 4.22971 -7.5989 0 0 0
4.49973 -0.920431 7.11064 0 0 0
-9.05974 7.9764 -2.07908 0 0 0
0.754817 1.36134 0.669157 0 0 0
-4.44645 4.08191 -4.79416 0 0 0
-7.72534 9.26321 2.89845 0 0 0
-8.50487 8.73107 -6.8683 0 0 0
-2.28553 6.77312 1.38072 0 0 0
-2.47863 7.20268 -3.4384 0 0 0
-3.61524 -4.09615 6.55354 0 0 0
-8.97313 -7.93941 -3.85392 0 0 0
9.34745 -7.52187 1.74321 0 0 0
5.90486 6.89096 0.842306 0 0 0
-7.89724 -0.355364 -6.11435 0 0 0
4.54493 6.82582 -8.46641 0 0 0
4.50906 5.92198 1.08509 0 0 0
4.90141 -7.18552 9.09287 0 0 0
3.42759 -5.13807 -0.962726 0 0 0
5.01158 -5.45495 3.99201 0 0 0
4.5135 -5.6868 0.394137 0 0 0
1.14825 -7.38098 7.12382 0 0 0
-3.67076 -5.61582 2.96408 0 0 0
-4.23272 6.10734 5.15028 0 0 0
-2.02322 2.8188 -7.46321 0 0 0
-0.626512 -8.45324 -9.52633 0 0 0
4.27374 -3.55607 9.1168 0 0 0
-8.31667 3.21419 1.40762 0 0 0
-5.64416 8.92222 6.88419 0 0 0
-0.574995 7.36052 -1.42094 0 0 0
-8.69663 0.282291 5.47687 0 0 0
-4.89538 -6.4996 9.24807 0 0 0
-5.27863 -3.14217 0.393686 0 0 0
0.286399 5.02026 -6.21717 0 0 0
2.27139 6.1005 7.2806 0 0 0
4.10026 4.35091 0.483951 0 0 0
8.803 -8.05814 -0.147548 0 0 0
7.24372 3.98123 0.23949 0 0 0
-2.63762 8.39245 6.19112 0 0 0
1.26262 3.66561 -0.455158 0 0 0
-9.25991 -6.0861 -6.51452 0 0 0
-1.69453 -4.68575 -0.102176 0 0 0
8.49558 1.47264 6.05708 0 0 0
0.806761 -7.52442 -4.66836 0 0 0
-8.46487 6.01325 8.65425 0 0 0
7.09597 5.27762 2.68822 0 0 0
0.477114 4.51713 -2.18956 0 0 0
-6.38025 2.29042 4.31547 0 0 0
-5.72493 4.1112 5.27757 0 0 0
7.23169 9.1471 8.28322 0 0 0
-7.92034 -8.68141 -1.05605 0 0 0
1.43901 -8.74639 -2.96737 0 0 0
8.13628 4.11716 -8.39684 0 0 0
-8.82325 -2.52742 9.07321 0 0 0
2.35767 2.61209 9.06222 0 0 0
-5.21719 -5.89803 -5.39469 0 0 0
-6.87408 5.25018 -5.14551 0 0 0
-4.92322 2.46195 -5.06791 0 0 0
-1.52557 0.39524 3.22844 0 0 0
-2.09053 -3.54713 -0.159893 0 0 0
-7.1636 4.07146 -3.79354 0 0 0
-4.12481 2.55891 2.84758 0 0 0
-1.39752 -5.32238 7.43759 0 0 0
5.20712 -2.23153 -5.49255 0 0 0
2.70788 2.49434 -3.12646 0 0 0
-1.01304 -2.15746 -1.77415 0 0 0
6.99599 9.42039 7.19802 0 0 0
-1.23621 -1.94455 -0.619819 0 0 0
-0.0344993 7.23255 -5.08602 0 0 0
-2.36085 -5.97148 -5.16796 0 0 0
3.69389 5.57608 0.46837 0 0 0
4.36457 2.50019 6.17826 0 0 0
4.46964 -5.98871 -5.25226 0 0 0
-0.102265 0.758654 8.70535 0 0 0
0.180526 -8.06512 -5.77691 0 0 0
7.32507 6.77672 4.93473 0 0 0
-7.90442 -8.19755 -3.58161 0 0 0
-9.41756 -3.36659 6.55491 0 0 0
2.30932 -4.00063 -7.70598 0 0 0
5.35246 1.87844 -0.608409 0 0 0
-8.76633 1.95929 5.0851 0 0 0
-4.76929 -7.40358 -3.9741 0 0 0
-8.74932 -1.69677 -0.247774 0 0 0
6.5903 1.78106 -4.34819 0 0 0
6.01239 1.83564 6.72631 0 0 0
-0.154425 8.05933 -2.67164 0 0 0
1.57364 9.04334 -8.23583 0 0 0
-3.76507 -5.36077 -5.13533 0 0 0
7.85117 -6.49476 -2.07284 0 0 0
4.67195 -4.28706 2.85777 0 0 0
-1.41245 -7.37785 -9.47208 0 0 0
-6.34188 9.27098 4.8528 0 0 0
8.36022 3.95566 -7.34889 0 0 0
-1.56646 8.33346 -7.55856 0 0 0
-8.44226 6.88903 5.21056 0 0 0
3.0412 3.80632 8.57046 0 0 0
3.43216 -8.1137 3.92569 0 0 0
9.42681 -6.32537 6.68649 0 0 0
-2.29705 7.03157 -7.9447 0 0 0
2.94206 -7.01461 -7.64641 0 0 0
2.82295 3.63677 4.76783 0 0 0
-0.737342 -6.90209 7.95682 0 0 0
3.64577 -8.44152 7.78099 0 0 0
-8.03541 -1.55788 0.515263 0 0 0
-8.18643 6.38956 -3.74029 0 0 0
6.32113 -7.17818 -5.32063 0 0 0
4.97755 -2.97829 1.79398 0 0 0
-1.50685 5.22227 -8.46757 0 0 0
1.24388 -7.84966 -0.701685 0 0 0
-2.45172 2.93718 -3.46766 0 0 0
6.0111 7.86404 -3.16803 0 0 0
-7.86791 2.02795 8.94226 0 0 0
-8.46583 4.98421 -4.45231 0 0 0
5.30483 0.561489 -0.0165929 0 0 0
1.77343 4.0674 -8.22258 0 0 0
-5.55689 9.35172 -4.97473 0 0 0
0.619503 -9.24089 8.63091 0 0 0
7.6047 9.38513 2.89345 0 0 0
-9.16389 -2.82625 -0.472443 0 0 0
7.13507 3.96767 6.8767 0 0 0
-0.297329 -0.62359 5.33018 0 0 0
-4.99538 -3.97404 7.64575 0 0 0
-9.53661 -4.87736 -2.24943 0 0 0
-3.41431 -6.01916 -7.73627 0 0 0
-6.94346 9.15205 8.82029 0 0 0
3.05127 -6.59527 -5.94116 0 0 0
-7.89317 -6.24473 -0.373634 0 0 0
1.79629 1.5033 -3.50315 0 0 0
1.38509 8.54312 4.53407 0 0 0
3.63728 6.90436 0.184724 0 0 0
4.19362 4.3552 -3.84365 0 0 0
9.02946 7.24524 9.45098 0 0 0
4.87118 -8.26381 -8.32176 0 0 0
4.00366 -1.5262 8.89389 0 0 0
0.763839 4.11896 2.67564 0 0 0
-7.17668 3.67287 -9.29849 0 0 0
2.46789 -3.31943 1.48401 0 0 0
1.091 -0.84168 -2.77161 0 0 0
6.334 6.8753 2.89953 0 0 0
-0.184272 -6.41005 -7.55332 0 0 0
2.38437 0.461048 -8.37236 0 0 0
5.92185 7.11079 -5.98605 0 0 0
-1.58835 3.60744 -3.55998 0 0 0
-3.0717 -9.4082 7.0588 0 0 0
3.3684 8.76834 8.1777 0 0 0
-3.29215 -4.10725 4.41311 0 0 0
9.55541 -6.40659 -9.27489 0 0 0
8.56012 6.01239 6.55811 0 0 0
2.82965 9.00346 7.34617 0 0 0
-6.2357 -2.17585 1.44861 0 0 0
-5.25775 -5.12009 8.69443 0 0 0
6.32352 3.7417 5.11754 0 0 0
0.111652 -1.60164 -1.21246 0 0 0
-0.81212 8.42309 -1.87449 0 0 0
0.854159 0.221112 -0.789917 0 0 0
0.289885 -6.34234 3.28489 0 0 0
-2.83163 7.27107 7.43559 0 0 0
-4.65291 -1.20766 -2.68443 0 0 0
-6.24055 -7.07122 0.619395 0 0 0
-6.21761 -8.424 -0.974993 0 0 0
7.35301 4.83468 -1.57236 0 0 0
7.42142 -0.48127 0.244017 0 0 0
-7.21274 -5.57121 9.4514 0 0 0
4.67123 -0.436813 2.30289 0 0 0
3.99977 -4.78151 6.69113 0 0 0
-7.25273 0.792953 -1.68493 0 0 0
3.89723 6.69202 -3.51305 0 0 0
-3.1154 3.14034 -1.5328 0 0 0
-0.4126 8.29216 -8.13413 0 0 0
-4.66496 2.45398 -3.10465 0 0 0
2.28584 -7.62662 5.81179 0 0 0
-5.11112 -8.5463 -2.92527 0 0 0
-4.92492 5.25683 7.39841 0 0 0
8.753 -8.19016 8.52584 0 0 0
8.88045 -0.049337 3.99041 0 0 0
7.77769 -9.55208 0.169901 0 0 0
8.16755 -7.52854 6.89045 0 0 0
8.71867 -9.25364 8.46454 0 0 0
-1.32033 2.1613 0.217872 0 0 0
4.72846 6.73989 -0.242714 0 0 0
7.91662 7.65265 1.84808 0 0 0
3.91392 0.326225 4.52932 0 0 0
-0.293417 8.74542 -4.66023 0 0 0
-8.80545 2.00417 3.33355 0 0 0
-7.78639 8.75029 9.47383 0 0 0
6.20261 -0.305987 -3.31876 0 0 0
8.51053 -7.05933 9.40321 0 0 0
1.93912 5.4613 -7.63469 0 0 0
-4.06318 -3.97825 -6.86087 0 0 0
1.56341 9.20472 1.20852 0 0 0
-6.04116 5.58512 -8.35447 0 0 0
-1.67703 6.74009 -5.33271 0 0 0
9.18083 0.838147 -3.85175 0 0 0
-2.27603 4.57726 7.8513 0 0 0
-5.94822 2.21658 -0.0663709 0 0 0
2.74821 7.65353 7.18522 0 0 0
1.82317 -7.41116 8.53565 0 0 0
1.41361 8.22531 -2.30045 0 0 0
-3.84506 -6.56372 5.31485 0 0 0
3.67022 -9.01713 -2.34178 0 0 0
-2.6161 7.16473 5.67326 0 0 0
0.254971 -1.4283 -5.65078 0 0 0
1.37764 -3.66661 6.94532 0 0 0
-0.32999 0.84194 -4.13224 0 0 0
-5.90288 -0.14443 2.77951 0 0 0
2.65602 -2.24021 8.03212 0 0 0
6.78928 -3.58112 8.29417 0 0 0
-2.57014 7.01865 -0.424552 0 0 0
-1.59355 -3.51581 -8.61479 0 0 0
4.62002 2.79857 -4.91444 0 0 0
-6.57393 -3.7397 6.07227 0 0 0
-0.720531 8.98144 7.98162 0 0 0
7.79372 7.54212 5.68746 0 0 0
-0.922736 6.13617 -1.16858 0 0 0
6.83659 -0.872591 5.92454 0 0 0
-2.57993 -2.82416 1.78964 0 0 0
7.64658 -5.83362 0.956466 0 0 0
-6.9558 5.47419 -9.04058 0 0 0
-2.76681 -5.72708 9.07297 0 0 0
2.98464 -8.83069 3.20274 0 0 0
-3.57296 -8.73852 -3.91674 0 0 0
0.897649 0.297946 5.92047 0 0 0
2.22219 -5.06256 6.58903 0 0 0
2.68824 -6.0156 6.22281 0 0 0
-8.70713 0.516409 -7.40882 0 0 0
6.1573 5.13998 8.80268 0 0 0
-0.440921 -3.29798 -4.94033 0 0 0
-9.55606 3.46464 6.95794 0 0 0
0.666235 8.08299 0.583816 0 0 0
-4.44462 6.07775 -0.44492 0 0 0
0.647811 -3.08707 -5.43462 0 0 0
6.67277 -4.89384 5.78454 0 0 0
-8.01276 0.117859 7.5497 0 0 0
1.67266 9.34789 2.56251 0 0 0
4.18653 -2.25592 -3.33019 0 0 0
-0.00269774 -1.20764 6.21887 0 0 0
0.841748 6.3044 -8.54987 0 0 0
-9.43095 2.17608 -4.99791 0 0 0
6.76642 2.3836 8.3701 0 0 0
-3.42511 -0.717242 -7.0948 0 0 0
6.94575 -2.22294 -4.71954 0 0 0
-7.84324 4.94698 8.35766 0 0 0
-8.55645 6.07907 -0.0774252 0 0 0
-2.45141 7.11823 -9.16575 0 0 0
-5.58146 4.30619 -3.79377 0 0 0
5.14439 -0.750094 -5.88291 0 0 0
1.19093 2.94667 -2.09671 0 0 0
6.51657 2.52891 -5.22725 0 0 0
-1.39129 -0.149761 1.68197 0 0 0
-1.37415 2.25355 9.54967 0 0 0
5.74848 -4.77 -0.481545 0 0 0
2.25086 -6.84322 -9.04792 0 0 0
-2.09789 -5.36306 -6.76086 0 0 0
-2.51027 -4.79295 5.31151 0 0 0
-6.66808 3.97254 -8.43308 0 0 0
-5.61172 3.8359 -6.44426 0 0 0
6.59072 -9.05656 6.42739 0 0 0
1.05768 7.63501 -8.73608 0 0 0
6.6905 -3.53633 -0.500203 0 0 0
-0.163821 -7.43352 -6.49359 0 0 0
-1.37485 -4.35748 8.68395 0 0 0
-7.84529 6.11841 -5.684 0 0 0
-2.15135 6.10966 -6.82062 0 0 0
-3.48936 -5.03437 -8.68621 0 0 0
-2.41155 -1.69544 -6.45252 0 0 0
4.18372 -6.76172 -7.02117 0 0 0
-4.97586 -8.78983 7.53252 0 0 0
-7.8936 4.7824 3.65068 0 0 0
0.464908 9.08381 -3.51655 0 0 0
-5.46167 3.72323 2.31026 0 0 0
-5.44602 -4.68683 7.04975 0 0 0
7.94048 4.98468 -4.01252 0 0 0
8.01921 1.17006 1.90901 0 0 0
-0.160439 5.43493 -5.24485 0 0 0
-0.433566 6.98658 3.30611 0 0 0
4.16753 -3.65925 -5.26985 0 0 0
9.1194 5.05518 2.98957 0 0 0
7.10713 2.15038 -7.76288 0 0 0
-5.90002 -1.12871 -8.27811 0 0 0
-7.90341 -6.65431 2.86924 0 0 0
3.66313 -7.47529 -9.12315 0 0 0
-8.18917 -5.20736 -3.70715 0 0 0
-3.46202 1.56172 -9.06885 0 0 0
8.59273 5.84596 -5.94633 0 0 0
-7.18985 -4.94751 1.04981 0 0 0
-1.91451 -1.09371 1.45241 0 0 0
-1.36 -1.55057 0.541768 0 0 0
1.89226 -6.13581 6.92323 0 0 0
8.69646 7.15193 -8.4806 0 0 0
1.3197 -2.35369 -0.802331 0 0 0
7.71852 -0.109253 9.29012 0 0 0
8.40671 8.21739 6.65299 0 0 0
-2.27453 2.73761 -0.466873 0 0 0
8.21008 -2.84176 3.54587 0 0 0
2.79727 8.61944 -8.89174 0 0 0
1.5366 4.92094 -6.22301 0 0 0
2.66391 0.217624 5.78384 0 0 0
-6.2251 -8.45184 7.83709 0 0 0
4.81982 3.1328 -7.28216 0 0 0
8.46012 9.31515 2.15909 0 0 0
1.10849 -3.06491 4.80803 0 0 0
8.00251 4.01567 2.73313 0 0 0
7.87458 -4.10998 -1.08327 0 0 0
-6.33627 -7.71402 -3.19765 0 0 0
-4.6514 -7.24844 2.99454 0 0 0
-0.527339 -9.27613 5.70441 0 0 0
5.54951 3.53124 3.40848 0 0 0
-3.6501 -4.63571 1.59028 0 0 0
-6.92288 -7.61766 6.13908 0 0 0
9.36211 1.3944 9.4213 0 0 0
7.95859 -8.80241 -4.64108 0 0 0
6.45095 -0.139186 7.01634 0 0 0
5.82214 -3.14262 8.37233 0 0 0
-3.24541 -2.28579 1.1435 0 0 0
-6.43581 2.73049 -1.3954 0 0 0
9.02779 -7.06992 -0.85931 0 0 0
4.37661 2.73417 9.39752 0 0 0
-8.10141 7.42476 8.95367 0 0 0
-4.08938 4.18821 0.890679 0 0 0
-0.29686 -6.88877 5.99825 0 0 0
0.466034 -1.40951 5.12677 0 0 0
-7.95038 6.37481 6.02161 0 0 0
-7.8457 -4.47771 -1.44522 0 0 0
2.77325 8.40322 2.22121 0 0 0
4.0277 -8.13151 -5.94595 0 0 0
3.49004 6.46496 4.8953 0 0 0
2.31274 0.0369114 -4.1637 0 0 0
7.49398 0.281369 -2.51 0 0 0
1.26855 4.79649 9.23226 0 0 0
9.00466 6.01804 4.0024 0 0 0
7.26491 -2.77571 2.01494 0 0 0
-8.14393 -4.05365 0.377833 0 0 0
-6.12582 0.122461 -8.86632 0 0 0
-9.08414 -2.20519 3.08707 0 0 0
-4.26262 -6.27257 -8.89042 0 0 0
8.01892 8.80148 1.19074 0 0 0
-5.69908 4.78559 -0.578517 0 0 0
-4.07081 3.77312 -9.25965 0 0 0
1.21393 2.33708 -6.07016 0 0 0
9.52797 -5.09431 2.1299 0 0 0
-9.49555 1.10743 -1.51249 0 0 0
9.20304 8.1047 -3.66473 0 0 0
7.08169 -0.162414 1.48458 0 0 0
-0.901218 5.36342 -2.11345 0 0 0
-5.20335 -5.33504 -0.0392991 0 0 0
-6.60014 6.5324 -8.97492 0 0 0
-1.73622 0.893318 7.36908 0 0 0
8.57816 2.31526 2.35074 0 0 0
5.06878 1.4796 0.677504 0 0 0
-7.73303 4.09664 -5.87818 0 0 0
7.15319 1.60801 -9.50405 0 0 0
-5.00017 1.61106 2.46797 0 0 0
0.113528 -1.88778 7.62789 0 0 0
5.76129 4.69128 -5.56068 0 0 0
3.21085 -6.23733 5.17474 0 0 0
-2.98943 1.3311 2.82886 0 0 0
1.67387 -9.25948 -0.976485 0 0 0
-7.56766 4.63058 -1.8166 0 0 0
9.16044 6.2547 -4.08235 0 0 0
6.96762 8.07928 1.74022 0 0 0
-0.319309 -5.29886 4.22532 0 0 0
-7.35174 3.40415 0.932617 0 0 0
-6.13278 9.05212 -3.33687 0 0 0
1.88681 5.37774 5.72402 0 0 0
8.29601 8.22617 8.31396 0 0 0
7.04846 -3.50946 -3.48333 0 0 0
3.22282 -8.10486 0.744071 0 0 0
-7.90166 1.94779 -6.99739 0 0 0
3.68953 0.625493 -9.55199 0 0 0
3.1668 8.81895 4.06541 0 0 0
1.00883 -2.59872 6.60644 0 0 0
4.74274 -7.71614 -4.04464 0 0 0
-6.59825 -5.52672 -4.24144 0 0 0
-4.885 1.87891 -7.08284 0 0 0
6.0564 -1.95884 8.46626 0 0 0
3.42318 -1.94171 1.98602 0 0 0
8.50312 -9.38945 9.45796 0 0 0
2.85518 -9.45082 -6.41773 0 0 0
6.23278 -9.29625 -8.50585 0 0 0
-5.92074 -9.38777 8.88171 0 0 0
5.36765 8.69006 5.46826 0 0 0
-4.62873 7.37568 -1.94505 0 0 0
-0.908976 0.997933 -1.61638 0 0 0
-4.52208 -9.52265 -7.86914 0 0 0
3.32239 7.3175 2.29957 0 0 0
4.10395 1.92942 -1.20443 0 0 0
4.10491 -3.37463 -1.62333 0 0 0
-4.21052 -2.89558 0.423441 0 0 0
-2.43639 -6.54209 4.7634 0 0 0
-6.47533 -4.01838 -8.57506 0 0 0
1.83862 -4.77357 -5.24141 0 0 0
3.014 -1.20056 -4.78107 0 0 0
4.8657 -9.11396 -5.01157 0 0 0
-8.1438 -2.93257 -9.42159 0 0 0
-7.14295 0.24958 -8.29042 0 0 0
5.48129 8.885 2.43165 0 0 0
-2.47209 3.32878 6.86262 0 0 0
1.34739 8.1939 -1.00136 0 0 0
-4.03176 7.4618 -8.61657 0 0 0
-6.28325 2.70343 5.84731 0 0 0
1.9661 5.30313 -4.85639 0 0 0
-2.9939 0.181003 -7.93083 0 0 0
-0.168168 -7.98388 1.07136 0 0 0
-8.62854 -6.46816 5.74351 0 0 0
5.34372 -0.7295 -2.92275 0 0 0
-0.671642 -0.880558 4.43398 0 0 0
4.15743 -4.22655 4.27663 0 0 0
6.57801 0.281226 2.5926 0 0 0
9.19562 -8.57877 -7.89791 0 0 0
2.58438 4.34312 -6.27897 0 0 0
-2.99566 -0.447485 5.57757 0 0 0
9.30583 -4.4675 3.98274 0 0 0
0.279501 9.17368 -0.667931 0 0 0
7.30894 6.86305 2.2726 0 0 0
-2.66016 0.59832 -5.37995 0 0 0
-2.26591 9.01331 -0.834564 0 0 0
-1.52084 3.1466 -2.04936 0 0 0
4.15086 0.381502 2.88017 0 0 0
-8.23506 -5.40739 -7.31004 0 0 0
3.77616 6.63131 -6.86912 0 0 0
9.4499 2.73483 -8.57952 0 0 0
-5.2904 2.42267 6.54238 0 0 0
8.59712 1.33131 -1.38109 0 0 0
5.64798 2.78912 9.42571 0 0 0
-5.048 -8.99913 5.70118 0 0 0
-3.50338 -7.4054 2.04014 0 0 0
9.26424 8.22734 -7.03511 0 0 0
4.18745 1.64281 6.80095 0 0 0
5.09853 -7.69213 -6.19294 0 0 0
9.00441 7.78751 -5.19578 0 0 0
-6.55015 1.59339 -4.36646 0 0 0
-4.73253 -7.48912 -2.22728 0 0 0
7.33664 5.94975 8.08506 0 0 0
-6.97369 -3.31062 -4.54343 0 0 0
0.23482 -1.74978 1.30027 0 0 0
-1.76602 -8.76448 3.28077 0 0 0
3.25499 5.12036 3.77289 0 0 0
-3.35241 -4.41629 0.315704 0 0 0
9.04757 5.41706 -9.31734 0 0 0
-7.38243 7.5747 -6.14198 0 0 0
9.35837 4.09864 0.150927 0 0 0
-0.103932 -0.31577 -7.75515 0 0 0
-8.43457 3.75316 4.91285 0 0 0
2.37276 -8.35902 -6.06757 0 0 0
-6.26858 -9.03027 -4.67926 0 0 0
-3.82496 2.91091 -6.29943 0 0 0
1.47976 6.43438 -1.91789 0 0 0
-9.00609 6.6638 6.18656 0 0 0
-3.18616 4.81893 7.47315 0 0 0
-7.89994 -3.58047 3.38865 0 0 0
2.50262 -0.596587 -0.404181 0 0 0
9.33497 1.18237 1.54893 0 0 0
-9.52043 -2.48674 0.615886 0 0 0
9.40725 8.03875 -1.01574 0 0 0
-1.92217 -3.86285 4.9715 0 0 0
-6.97117 -9.35242 0.691746 0 0 0
8.78827 -6.87128 4.20009 0 0 0
5.11151 -8.74701 4.85691 0 0 0
-7.81256 0.919322 4.88689 0 0 0
8.88036 -0.184521 2.02133 0 0 0
8.74157 9.19037 0.561442 0 0 0
-6.8872 -8.2128 -5.30491 0 0 0
-2.61638 -1.40038 -0.741399 0 0 0
7.66817 -6.28826 8.97829 0 0 0
-3.92624 7.40661 4.76797 0 0 0
6.3696 9.03741 -0.214128 0 0 0
-2.487 5.17852 9.53458 0 0 0
-2.58825 3.60303 -6.97232 0 0 0
7.28448 -3.60017 -1.91921 0 0 0
9.45554 -0.342219 4.86754 0 0 0
7.64967 0.0839231 -7.07765 0 0 0
-5.34136 3.43361 8.95023 0 0 0
4.57932 7.01527 2.21599 0 0 0
4.18116 -8.94885 5.95299 0 0 0
9.08776 -1.21179 9.32276 0 0 0
2.71373 0.46788 1.33008 0 0 0
-3.06141 7.01141 3.69274 0 0 0
3.0261 -1.37905 -2.67772 0 0 0
-1.04663 -4.86627 6.34724 0 0 0
0.438321 3.22007 -6.0623 0 0 0
-3.05943 0.151923 8.42346 0 0 0
3.61113 1.30819 -4.96794 0 0 0
2.97965 5.70657 8.93137 0 0 0
-3.50076 0.988104 -0.502902 0 0 0
-3.99336 5.23958 0.482991 0 0 0
3.55966 -3.65981 6.73169 0 0 0
-6.77819 -3.391 -7.53547 0 0 0
0.166427 -8.62531 -4.58723 0 0 0
4.08169 -3.04499 0.741664 0 0 0
8.12963 5.40525 -8.77334 0 0 0
-9.42421 -1.76642 -2.81552 0 0 0
3.83075 -7.57695 -2.30865 0 0 0
-1.61947 -6.56074 5.9963 0 0 0
-3.96987 3.77781 4.93286 0 0 0
4.7424 7.69694 3.16488 0 0 0
3.32695 1.32986 -8.56186 0 0 0
2.31563 8.95554 4.65093 0 0 0
5.27097 9.10054 0.853992 0 0 0
4.44723 -3.92108 5.82265 0 0 0
-9.00649 -9.07987 6.55547 0 0 0
-9.07389 7.92494 2.56048 0 0 0
-1.58972 4.94739 9.13697 0 0 0
1.26682 0.584467 -8.16458 0 0 0
8.54895 -2.47374 -2.3288 0 0 0
-4.28258 -1.61795 2.78791 0 0 0
-5.83974 -1.63692 0.185309 0 0 0
-7.79184 9.05881 1.38891 0 0 0
8.0265 -1.94817 -6.71415 0 0 0
-0.104067 -3.41277 -1.30687 0 0 0
-4.33853 -7.27094 -9.18721 0 0 0
-6.94892 7.29214 -7.2837 0 0 0
-8.96703 0.273222 6.87432 0 0 0
0.934228 -5.42133 -7.92512 0 0 0
2.29339 -1.59506 -3.86132 0 0 0
-1.57599 0.344205 5.12356 0 0 0
-5.42466 -7.8589 2.73671 0 0 0
6.49496 1.73521 3.61435 0 0 0
-5.44271 -0.349247 3.90142 0 0 0
-6.63583 0.170268 6.93146 0 0 0
1.51856 -7.0637 -5.41382 0 0 0
-4.47602 1.38572 -3.13373 0 0 0
-5.92586 -2.87265 -5.44914 0 0 0
-1.3185 -6.74895 -7.80478 0 0 0
2.14727 -0.688427 5.01465 0 0 0
5.88393 -3.37826 -6.4789 0 0 0
4.33633 -6.9388 -5.9893 0 0 0
-7.01729 -6.30866 4.54815 0 0 0
3.84497 -4.41778 2.18168 0 0 0
0.630739 -6.00927 -4.26414 0 0 0
-1.97515 4.29034 -8.31011 0 0 0
-4.84768 3.08577 -0.964034 0 0 0
5.5074 -9.4427 6.79094 0 0 0
-8.29785 3.67635 -7.94827 0 0 0
7.02928 -1.90869 1.29378 0 0 0
-2.82718 9.37115 -3.34031 0 0 0
0.343509 6.30678 -1.29964 0 0 0
6.96353 -6.52829 -7.014 0 0 0
-5.72683 -1.81261 6.29643 0 0 0
7.16887 3.98748 -7.97507 0 0 0
9.48036 8.83528 -8.27085 0 0 0
-7.4341 2.58561 0.032321 0 0 0
0.725055 -6.04191 0.309654 0 0 0
-5.06939 -0.62932 -0.173279 0 0 0
3.83767 -9.36942 4.8291 0 0 0
8.30536 -5.38886 7.86395 0 0 0
-6.488 2.97105 0.666059 0 0 0
-4.05662 9.31711 0.875786 0 0 0
5.36185 -6.08143 7.46573 0 0 0
-7.1285 2.70883 8.4252 0 0 0
0.672496 -9.23452 3.30767 0 0 0
-0.647489 0.283967 2.26049 0 0 0
4.37367 -9.52473 7.46668 0 0 0
-4.48885 -9.01182 -9.29737 0 0 0
-9.24745 -3.94045 2.14839 0 0 0
4.49134 6.1751 5.67968 0 0 0
-2.06998 -5.72737 3.3674 0 0 0
-3.63358 -1.20276 -0.97441 0 0 0
7.73606 5.63399 3.75534 0 0 0
4.28796 3.5352 -3.09737 0 0 0
1.24993 -3.94044 3.72912 0 0 0
3.00969 3.62205 -7.00384 0 0 0
7.93776 3.19442 -5.55336 0 0 0
8.21729 -7.21437 -6.17449 0 0 0
-4.72218 6.82429 8.25148 0 0 0
-0.0487085 -7.29784 -9.03317 0 0 0
1.60917 6.91877 -3.22043 0 0 0
-6.23469 -6.96571 -5.62601 0 0 0
2.20839 8.42173 -5.74844 0 0 0
2.43136 -4.41867 1.47074 0 0 0
8.20314 7.80136 -1.59089 0 0 0
-0.885841 9.20742 -3.14481 0 0 0
0.798926 -9.52784 7.31126 0 0 0
-0.252678 6.96261 0.113794 0 0 0
5.04372 4.25366 -4.40301 0 0 0
-1.80851 2.386 6.12878 0 0 0
1.07073 -5.45586 -5.65211 0 0 0
-9.4713 3.71885 2.07913 0 0 0
-9.01937 5.15484 6.94691 0 0 0
1.68586 9.27366 -4.7276 0 0 0
3.40639 -1.08105 -8.36968 0 0 0
-7.11512 -0.97392 -2.41158 0 0 0
-0.004729 7.831 5.97309 0 0 0
5.39328 -7.35419 -8.46158 0 0 0
0.693641 4.33682 -3.61315 0 0 0
4.43267 -9.04925 -6.81015 0 0 0
-5.9515 -6.68442 1.90583 0 0 0
-5.91859 9.0966 -0.879806 0 0 0
3.60424 4.75078 -5.20679 0 0 0
-6.88601 6.69208 1.67699 0 0 0
-0.0726621 -9.01583 -6.35778 0 0 0
-5.22203 1.51409 4.4757 0 0 0
-8.47986 4.80849 -2.88072 0 0 0
-2.13673 -1.71469 -9.10196 0 0 0
-8.42035 -7.81288 -7.72832 0 0 0
1.58445 -2.54204 -7.18949 0 0 0
1.14253 -1.66625 -3.44335 0 0 0
0.976008 -8.1354 3.12295 0 0 0
1.49281 1.46659 2.06477 0 0 0
-3.11051 -9.09106 0.317866 0 0 0
6.03193 -7.49693 -7.44236 0 0 0
8.34803 1.87358 7.08289 0 0 0
-7.49015 5.40896 -3.69949 0 0 0
6.95405 5.53401 6.77892 0 0 0
-9.44263 4.14667 -7.10806 0 0 0
8.61975 3.45901 -3.75397 0 0 0
0.442729 2.38823 2.4979 0 0 0
2.50029 7.90734 9.43435 0 0 0
5.62436 9.39654 -1.33904 0 0 0
9.0439 -4.6387 9.39063 0 0 0
3.83086 7.70496 6.62422 0 0 0
-0.564511 -6.49278 -3.03089 0 0 0
7.35934 -5.65228 -6.40525 0 0 0
1.94042 8.62855 -3.9465 0 0 0
0.178614 -8.03429 7.23385 0 0 0
9.53198 7.80391 -8.89834 0 0 0
-5.66411 -3.39689 -3.44943 0 0 0
-3.83952 2.9237 -3.75237 0 0 0
-8.87466 -3.8927 8.79413 0 0 0
-4.81975 9.49937 -3.47382 0 0 0
-6.15727 -7.26235 -0.430433 0 0 0
7.80625 8.56445 7.44636 0 0 0
-8.18891 -3.62942 -3.74885 0 0 0
6.86283 8.25279 -9.07291 0 0 0
-7.43205 -4.82923 -4.9198 0 0 0
3.50723 6.13132 -1.43116 0 0 0
-4.79265 -2.66546 -6.69658 0 0 0
7.0997 2.85915 -9.13212 0 0 0
-2.93744 -1.16233 4.7881 0 0 0
3.29317 -0.178003 3.29854 0 0 0
9.53736 2.32867 -0.0238759 0 0 0
-0.79394 3.40601 -6.31737 0 0 0
8.70139 -6.42163 7.92592 0 0 0
-6.15744 2.23746 -5.55131 0 0 0
-4.05085 -1.8877 -3.30565 0 0 0
1.06819 1.05764 3.1122 0 0 0
-8.4022 -4.14852 7.39063 0 0 0
-2.58683 7.99776 -4.12538 0 0 0
3.37216 -5.21086 1.21292 0 0 0
3.40387 9.35441 -3.82181 0 0 0
8.33132 4.95833 -0.304396 0 0 0
-1.95522 8.8917 4.59682 0 0 0
8.90078 -0.493577 7.69109 0 0 0
0.767797 6.30416 -7.10265 0 0 0
-2.80042 5.41284 6.69602 0 0 0
0.280224 -5.97127 -1.53044 0 0 0
2.6867 -7.94486 -4.27598 0 0 0
-8.82008 -1.44287 7.31397 0 0 0
-3.72243 -5.57693 7.5578 0 0 0
5.46913 5.0889 -0.536563 0 0 0
3.26823 4.33172 -8.12727 0 0 0
-3.55317 3.90451 -7.31559 0 0 0
9.03067 9.03196 -1.21073 0 0 0
-4.03935 -1.01024 0.462096 0 0 0
-3.70561 2.30967 0.824332 0 0 0
-6.16957 3.44245 7.07373 0 0 0
-3.78879 1.31413 -6.57702 0 0 0
3.08633 7.78064 3.42067 0 0 0
-2.24314 -4.28657 -8.14002 0 0 0
2.70081 3.78031 2.98935 0 0 0
-5.38593 -7.87299 -7.34493 0 0 0
7.0066 1.99176 4.71768 0 0 0
-1.70409 1.92104 7.47842 0 0 0
1.29185 -9.18992 -6.03268 0 0 0
0.0727743 -0.39375 -4.148 0 0 0
-8.23695 5.34661 -8.03729 0 0 0
8.38902 -8.33402 -9.21294 0 0 0
-0.663722 -7.86465 -0.152932 0 0 0
4.35675 2.41948 7.4738 0 0 0
8.47605 -4.09277 2.72087 0 0 0
-9.09477 8.39507 6.08611 0 0 0
2.59032 -3.84478 5.34221 0 0 0
-0.197623 -5.24486 -4.30433 0 0 0
-6.17946 -8.39189 9.41814 0 0 0
2.95692 -8.68444 6.81122 0 0 0
-8.26071 -7.5918 -6.33101 0 0 0
-0.398822 -2.42885 -7.73026 0 0 0
4.64759 1.24246 -5.72537 0 0 0
6.84248 8.0298 -2.19675 0 0 0
-5.20116 8.98111 4.98311 0 0 0
8.62666 4.96431 -1.95709 0 0 0
6.41909 5.66142 1.7591 0 0 0
-5.23554 -6.59778 -3.27364 0 0 0
-5.82691 7.22294 7.25658 0 0 0
-7.26776 7.64547 5.2175 0 0 0
2.02236 9.3254 -2.00433 0 0 0
-1.52398 1.53358 -8.03452 0 0 0
-9.36671 8.81468 0.691433 0 0 0
-1.64344 -8.93279 -3.37149 0 0 0
-4.043 3.34356 8.24897 0 0 0
-6.63175 -3.28163 4.28632 0 0 0
4.7333 8.29442 -1.48364 0 0 0
7.79523 6.09107 5.52707 0 0 0
-9.04626 -5.78673 7.44552 0 0 0
2.31775 8.45078 -0.838194 0 0 0
-2.07902 0.0302558 9.23935 0 0 0
-9.38522 2.60377 1.65082 0 0 0
3.14341 1.24001 -7.02698 0 0 0
7.38452 -2.82851 4.50059 0 0 0
-8.85034 -0.926705 1.8489 0 0 0
6.0118 7.89626 3.69365 0 0 0
-9.30595 5.11309 9.18571 0 0 0
-6.2408 -0.519498 9.36205 0 0 0
3.67995 3.75214 5.32579 0 0 0
-3.07781 -4.03455 -9.07285 0 0 0
-3.51724 -6.68959 -0.305997 0 0 0
-9.02411 -5.06854 -4.72339 0 0 0
9.12611 -3.49981 -2.26351 0 0 0
-9.38945 2.80262 5.68506 0 0 0
0.989758 3.19192 -8.03339 0 0 0
6.41369 3.26946 -1.79896 0 0 0
3.03307 7.1529 -4.94772 0 0 0
-0.809163 7.58716 4.6415 0 0 0
2.1059 -8.99792 7.87651 0 0 0
4.21691 2.11188 -6.80819 0 0 0
5.0129 -2.63325 6.93342 0 0 0
3.04939 9.47548 -1.24711 0 0 0
-2.4467 3.19451 8.33072 0 0 0
-9.13954 8.35552 -3.00698 0 0 0
5.15049 8.94701 9.01475 0 0 0
-3.78269 6.61101 -9.26467 0 0 0
-7.06364 -0.223778 4.57172 0 0 0
-8.76617 7.208 -7.77059 0 0 0
-1.20799 -3.19226 5.7822 0 0 0
5.35651 -4.48563 1.26479 0 0 0
3.02756 2.27138 3.75271 0 0 0
-8.91412 -4.8471 0.771316 0 0 0
4.00004 -1.89186 -8.66682 0 0 0
4.89708 -8.925 8.18026 0 0 0
-8.57445 3.13046 -9.35552 0 0 0
-7.75295 -5.9213 -6.25005 0 0 0
-2.13154 7.97575 -0.358345 0 0 0
-0.345003 6.99678 -6.52563 0 0 0
-2.79297 -8.97846 -7.97755 0 0 0
0.56107 -6.26212 8.38425 0 0 0
0.509606 4.97298 -4.64202 0 0 0
6.64393 -3.9814 9.34342 0 0 0
3.35844 4.97152 5.55271 0 0 0
2.8063 -0.359447 7.72889 0 0 0
-9.08101 -1.8674 4.88493 0 0 0
7.85051 -0.728937 8.15656 0 0 0
-2.16817 9.02632 2.14851 0 0 0
-9.4034 -2.48829 -4.78036 0 0 0
-6.07403 -6.60634 5.07248 0 0 0
-7.41787 -3.99098 4.42652 0 0 0
5.24499 7.5209 5.18162 0 0 0
-8.17266 2.23421 -5.82463 0 0 0
2.42856 -5.24824 -6.02755 0 0 0
-7.14385 1.5313 5.34736 0 0 0
2.50529 2.7086 6.06649 0 0 0
1.37807 2.13053 8.56378 0 0 0
8.42335 8.75321 -3.82864 0 0 0
6.12896 -2.08283 -9.42955 0 0 0
0.57938 -5.64491 9.37542 0 0 0
0.355909 9.26667 -5.98306 0 0 0
3.95155 8.68309 -5.8234 0 0 0
8.39682 -6.48966 2.9925 0 0 0
6.09505 -3.50291 5.89008 0 0 0
-5.52106 3.94276 4.30903 0 0 0
-3.36946 -0.314856 7.55128 0 0 0
-6.19818 -2.55855 -4.32939 0 0 0
-6.75425 8.69859 -4.43171 0 0 0
-7.60271 -9.06137 -7.32878 0 0 0
6.47713 5.55625 4.37099 0 0 0
-4.93178 5.24203 8.61929 0 0 0
-6.42928 -2.70742 -2.28354 0 0 0
6.77464 -0.684913 -5.80028 0 0 0
-4.10022 0.201794 4.2263 0 0 0
-0.736699 5.1494 8.35789 0 0 0
-4.60104 -1.00307 -5.27843 0 0 0
1.84817 -7.73046 9.49844 0 0 0
8.18965 -7.2516 0.594724 0 0 0
-3.97343 -8.72669 7.49461 0 0 0
-7.61236 2.77361 -9.17528 0 0 0
-1.15039 -1.72182 -6.70282 0 0 0
-2.02477 1.91246 -2.05556 0 0 0
6.6603 6.39075 5.77132 0 0 0
-3.69675 7.76231 8.40955 0 0 0
-0.969506 6.78921 2.27783 0 0 0
-6.50385 -4.49094 4.5639 0 0 0
-1.35153 9.45585 -7.2831 0 0 0
-8.13417 7.86848 1.49266 0 0 0
0.67928 -4.31377 -4.97062 0 0 0
-1.88955 7.15902 4.03855 0 0 0
6.28272 0.400836 8.54407 0 0 0
-9.3382 1.03142 3.82336 0 0 0
-6.62148 -3.24749 8.49019 0 0 0
-8.6475 -1.18024 5.61442 0 0 0
-1.38611 -7.735 4.03177 0 0 0
1.09094 -6.18118 -2.35546 0 0 0
-7.93037 2.68277 -1.42943 0 0 0
7.93531 -0.710856 1.35719 0 0 0
-6.49872 1.51725 -0.845797 0 0 0
-0.508278 9.45551 0.00690046 0 0 0
6.11935 7.58973 -1.3345 0 0 0
-3.02457 0.259833 -2.18207 0 0 0
4.6149 9.18096 -2.07571 0 0 0
-6.02556 -1.57905 -1.39251 0 0 0
5.02435 6.70325 -4.43594 0 0 0
4.21966 1.82283 -8.59637 0 0 0
5.58963 -2.9506 0.166824 0 0 0
9.43361 5.73201 2.12147 0 0 0
-1.76288 -4.48801 -3.82359 0 0 0
0.308887 -7.57915 2.31828 0 0 0
1.9219 4.00194 2.33823 0 0 0
-4.54893 4.90766 -2.01647 0 0 0
4.51529 -2.22923 -4.36204 0 0 0
0.803112 9.21995 0.54755 0 0 0
-1.69107 3.88776 -6.27614 0 0 0
-2.10329 -0.355944 7.41171 0 0 0
-3.828 -1.17059 5.49922 0 0 0
8.62522 -1.18694 -1.54883 0 0 0
1.59778 -3.62057 -5.77481 0 0 0
8.80995 -9.02734 1.47253 0 0 0
-0.0955398 -5.74747 6.0209 0 0 0
1.10856 3.38362 -3.10423 0 0 0
-9.05203 9.52296 -4.70415 0 0 0
-5.42758 6.68891 -4.88392 0 0 0
-8.33165 -9.39826 -9.19292 0 0 0
6.80851 -4.09315 1.88478 0 0 0
9.50945 8.8533 2.99994 0 0 0
1.73196 -4.63616 -3.41292 0 0 0
-5.89524 0.353434 0.217417 0 0 0
-4.12041 -8.21589 -6.89517 0 0 0
3.64792 9.1395 6.67576 0 0 0
-6.81606 -5.15309 -0.14137 0 0 0
5.05534 -7.20436 7.04339 0 0 0
8.96211 -3.91912 -6.6591 0 0 0
-5.28991 8.41177 3.87483 0 0 0
2.54905 1.70651 -4.59759 0 0 0
2.88291 7.81133 -1.6897 0 0 0
-5.23329 1.16532 -8.22469 0 0 0
0.850942 6.44653 -5.10237 0 0 0
5.33334 5.34158 0.917758 0 0 0
-8.37404 -7.22213 -2.45995 0 0 0
3.17255 -5.56049 9.49724 0 0 0
4.09364 -8.76454 -9.2354 0 0 0
3.16568 -5.67155 8.38417 0 0 0
-5.35518 -3.88453 -8.71683 0 0 0
9.53852 -3.91087 -0.296396 0 0 0
0.464636 6.4333 3.62999 0 0 0
-5.03143 5.35609 1.86866 0 0 0
5.28677 -4.22619 -2.92726 0 0 0
1.20367 -0.324039 2.42423 0 0 0
7.39432 -7.85379 -4.29975 0 0 0
-6.50179 -4.10494 2.88018 0 0 0
-6.53871 -2.21101 -8.4297 0 0 0
6.15057 4.19382 -1.16645 0 0 0
-5.56125 8.91435 0.238395 0 0 0
-2.90172 6.65081 2.42271 0 0 0
1.26473 -3.55728 9.41899 0 0 0
-7.06049 5.5868 -2.26223 0 0 0
6.57866 0.984803 6.65331 0 0 0
-6.06973 4.45549 2.87328 0 0 0
-6.01846 -4.55574 -2.67956 0 0 0
-8.74125 4.11996 -3.88089 0 0 0
0.348732 3.37051 8.09437 0 0 0
5.08352 3.52715 8.5541 0 0 0
-3.16751 -6.01495 -4.53094 0 0 0
7.94077 1.02291 4.20846 0 0 0
-9.27421 -6.54779 -5.39973 0 0 0
7.06898 3.75222 2.3826 0 0 0
-5.01888 8.70291 -2.40647 0 0 0
7.37745 6.84957 -4.88984 0 0 0
-0.247989 -4.56587 -1.28053 0 0 0
6.48608 -4.4014 -7.82051 0 0 0
-1.80093 -1.06084 -5.49171 0 0 0
0.52978 7.74509 -4.37441 0 0 0
-1.31575 9.52381 1.14474 0 0 0
1.11519 -3.60624 1.62742 0 0 0
7.91856 7.08019 3.71294 0 0 0
-1.36859 0.950881 -5.26095 0 0 0
-1.83448 -7.75194 -4.83303 0 0 0
7.95314 -6.46477 4.66039 0 0 0
-5.63315 -6.7667 6.38017 0 0 0
-4.71181 7.43185 -0.429065 0 0 0
-9.3098 -1.88537 -8.69116 0 0 0
-2.63346 -7.66999 -9.44333 0 0 0
-7.46827 -2.72373 -1.19234 0 0 0
-1.87909 5.87922 6.85525 0 0 0
5.54589 -2.80223 -3.52411 0 0 0
-6.83054 6.77446 -2.82836 0 0 0
-0.612768 -1.61583 5.42488 0 0 0
-3.99907 -3.32608 3.95765 0 0 0
-7.62701 -8.02589 2.41975 0 0 0
-2.4821 -0.22176 -6.32985 0 0 0
2.02615 4.04025 -1.86895 0 0 0
5.50312 -5.21493 5.40856 0 0 0
-2.51488 4.88821 -2.47851 0 0 0
-1.15765 -5.05323 -8.07525 0 0 0
-6.65273 5.57515 2.41129 0 0 0
-7.80157 -3.37506 6.95618 0 0 0
0.743159 -7.30213 -2.12522 0 0 0
-0.93808 -6.63499 -0.177641 0 0 0
4.51007 -7.79147 -7.20799 0 0 0
-4.27556 0.945636 2.19211 0 0 0
6.20142 9.10874 -3.70558 0 0 0
-2.58256 -5.78436 6.22411 0 0 0
6.67279 9.41945 -7.47051 0 0 0
7.44291 3.08341 5.17894 0 0 0
9.15016 -1.8792 -6.06844 0 0 0
5.41586 8.69218 7.12893 0 0 0
4.48118 -3.33498 -0.445186 0 0 0
1.51749 -4.80701 -2.44565 0 0 0
-3.64993 -3.0668 -6.28007 0 0 0
-4.43494 2.03347 -1.95425 0 0 0
-3.00094 -1.49239 6.62871 0 0 0
0.535145 -4.68742 8.96244 0 0 0
5.29702 2.82858 -1.6386 0 0 0
-0.722921 6.54335 -4.31883 0 0 0
-4.98962 -8.15823 0.549101 0 0 0
-0.479222 0.796206 -0.508259 0 0 0
-3.23546 -3.18812 -8.33064 0 0 0
0.0887021 9.09324 1.56465 0 0 0
1.77537 -8.3211 1.23669 0 0 0
7.50199 1.49575 -6.95436 0 0 0
-2.88663 6.39329 -5.00311 0 0 0
-6.76236 -3.28804 7.49131 0 0 0
6.3978 -0.7782 -6.77185 0 0 0
-3.74248 -8.50978 4.61347 0 0 0
7.09999 3.02199 6.16456 0 0 0
-5.23677 -0.0420232 -4.21916 0 0 0
-6.93788 5.84658 7.83235 0 0 0
1.18819 4.51754 -7.43125 0 0 0
1.66835 -4.94178 0.339743 0 0 0
-0.341902 -1.03067 -6.39537 0 0 0
2.39263 5.81399 2.14039 0 0 0
-7.63469 -7.94208 7.6492 0 0 0
6.73771 0.412068 0.504297 0 0 0
-6.7511 -6.69201 6.8473 0 0 0
6.22836 5.74962 -3.41081 0 0 0
5.3494 6.81022 6.9404 0 0 0
4.10814 5.59987 4.57587 0 0 0
-3.6573 0.766403 -3.20522 0 0 0
6.07961 1.3979 8.91818 0 0 0
4.4873 9.19478 2.91438 0 0 0
-1.96638 -1.48424 7.18077 0 0 0
9.21172 -4.95184 -0.48042 0 0 0
5.51178 6.11807 5.42511 0 0 0
8.66498 -3.62335 1.78416 0 0 0
-5.63098 -5.19627 -3.5558 0 0 0
5.08937 6.02049 -2.17816 0 0 0
7.62896 -7.61075 8.48138 0 0 0
-3.31331 -5.06861 -3.74296 0 0 0
-1.81321 -6.09759 -4.11094 0 0 0
-8.8561 -5.3373 -5.95263 0 0 0
1.37852 0.484981 -4.80104 0 0 0
7.92572 8.31723 -4.92064 0 0 0
4.49508 -0.102527 -9.33097 0 0 0
-1.44309 -2.44739 -4.49924 0 0 0
-6.36342 -6.45473 -3.39285 0 0 0
-7.06166 -6.35927 -7.5295 0 0 0
-0.878207 6.40093 -8.16831 0 0 0
-9.0249 2.00709 -0.882697 0 0 0
-0.2808 4.99453 6.09877 0 0 0
4.76888 -1.34277 -1.68868 0 0 0
7.86354 5.11668 1.88683 0 0 0
3.37493 0.434423 -1.83181 0 0 0
5.22388 4.65601 3.05023 0 0 0
8.93268 -0.423194 -8.96768 0 0 0
-3.73062 -9.06092 1.59637 0 0 0
0.499496 -2.75426 -1.9253 0 0 0
-0.00325763 -2.01517 -6.77364 0 0 0
6.14709 -0.94562 0.431298 0 0 0
4.08345 1.31293 -2.53882 0 0 0
8.67199 4.70236 8.51235 0 0 0
-7.53742 3.41729 3.30657 0 0 0
-6.4604 8.66099 2.39462 0 0 0
9.15581 5.95643 8.4405 0 0 0
9.34981 2.23934 4.46422 0 0 0
2.56547 1.99227 -5.76893 0 0 0
-0.287325 -6.7105 2.5358 0 0 0
3.65438 4.86138 -6.81192 0 0 0
-4.69017 -4.64687 -8.21112 0 0 0
0.6845 -4.49691 4.97784 0 0 0
2.53911 -6.9658 0.595217 0 0 0
6.28848 -6.84198 -1.42311 0 0 0
-5.47899 -7.54523 -5.2815 0 0 0
-7.12644 -2.54416 3.68989 0 0 0
3.73953 -6.87412 -0.830054 0 0 0
7.51521 -4.91514 -7.47962 0 0 0
8.97365 0.697367 5.00687 0 0 0
-4.17174 8.56384 -9.01907 0 0 0
3.92791 2.88019 0.80058 0 0 0
-6.01847 8.57557 -7.65597 0 0 0
7.37072 2.02452 -3.23152 0 0 0
-2.57219 -2.23116 2.76593 0 0 0
-4.69158 -7.813 6.00854 0 0 0
-1.14082 -8.35192 1.71238 0 0 0
2.03633 7.36313 8.27769 0 0 0
4.25606 2.97996 3.06966 0 0 0
-1.67164 -8.78452 -4.6071 0 0 0
-8.45381 3.19263 -0.68519 0 0 0
-5.30316 -9.16456 2.05953 0 0 0
6.87907 8.23171 5.32113 0 0 0
1.51615 -4.01528 -1.78761 0 0 0
4.103 -0.547624 0.240609 0 0 0
-2.21563 1.81942 -6.47359 0 0 0
-4.10375 1.3727 6.07468 0 0 0
-6.77296 2.8319 -3.95635 0 0 0
8.06631 -5.42123 -5.62149 0 0 0
-5.95709 -1.45924 2.34167 0 0 0
-0.143471 -9.0603 -3.4682 0 0 0
0.611457 3.3803 6.08467 0 0 0
5.2266 5.6559 -8.21675 0 0 0
6.46762 -4.19667 3.55211 0 0 0
-7.15949 -6.22527 5.83023 0 0 0
1.54477 -1.01312 9.47019 0 0 0
-1.83772 -4.67785 3.58426 0 0 0
-0.872573 -4.17145 4.32645 0 0 0
-3.40759 7.55014 2.7605 0 0 0
-7.75701 -1.10806 -3.70788 0 0 0
-8.48013 -7.31684 1.1404 0 0 0
1.69871 -1.6597 7.47433 0 0 0
6.05074 3.4032 -0.49161 0 0 0
-6.75341 -9.09776 5.49198 0 0 0
3.90339 -8.31964 6.79009 0 0 0
-1.04618 -0.610385 -9.06091 0 0 0
2.1476 -1.60529 -8.4523 0 0 0
-9.43199 6.94977 -3.39586 0 0 0
8.86995 3.70496 1.35051 0 0 0
5.12895 -2.75692 -2.29143 0 0 0
9.18622 -5.23495 -3.1172 0 0 0
-9.20367 -7.91507 3.43579 0 0 0
-8.34946 0.0450377 -0.6989 0 0 0
-9.02861 -4.52793 -1.19957 0 0 0
3.43628 -7.12589 8.34263 0 0 0
-5.61485 -2.46969 2.38599 0 0 0
-8.94809 1.74704 8.00507 0 0 0
-3.71639 5.45932 -1.0807 0 0 0
0.0794392 -0.0347325 -5.85292 0 0 0
2.98397 0.0170758 0.306878 0 0 0
9.29421 4.66905 7.55068 0 0 0
2.0937 7.69031 1.27119 0 0 0
4.83079 3.86996 -7.9715 0 0 0
-5.6699 -3.13108 6.68562 0 0 0
9.07268 6.70069 2.46974 0 0 0
-3.48244 -1.68588 -5.48087 0 0 0
-2.60958 1.87628 2.04204 0 0 0
-0.160502 -4.05908 -3.71086 0 0 0
-0.884815 5.56307 1.00548 0 0 0
6.3981 6.77714 -0.659088 0 0 0
-8.26572 -7.98543 0.218231 0 0 0
-1.21297 -5.29992 -5.06856 0 0 0
-2.54818 -7.14575 2.20961 0 0 0
7.20569 -5.11847 0.37768 0 0 0
-7.48224 2.32707 2.31492 0 0 0
7.75482 -4.72629 -3.1768 0 0 0
3.69407 -4.11324 -9.21063 0 0 0
-7.33384 -8.6272 4.77197 0 0 0
-8.40062 -5.71669 1.80618 0 0 0
1.97658 1.31984 -6.49315 0 0 0
2.03841 -5.24287 2.20306 0 0 0
0.233457 -3.52824 8.40148 0 0 0
6.46159 -8.95961 3.87858 0 0 0
-2.50147 0.773242 0.386544 0 0 0
-2.64503 3.79405 -2.92911 0 0 0
-1.67492 7.99899 2.67917 0 0 0
5.29325 -7.92017 5.39107 0 0 0
3.89089 7.59473 -0.631792 0 0 0
3.50345 -6.414 -8.68926 0 0 0
6.35485 2.14124 1.66552 0 0 0
5.24794 2.76302 -3.19822 0 0 0
-6.54572 8.93427 1.19343 0 0 0
-3.12415 -5.82044 -2.55485 0 0 0
0.462271 -0.245963 6.89599 0 0 0
0.800708 1.43522 -8.98066 0 0 0
5.5051 -6.29256 2.64551 0 0 0
4.44286 0.925397 -3.44199 0 0 0
5.67914 -2.27665 -1.59966 0 0 0
7.37369 -0.252844 6.52605 0 0 0
-1.25456 -7.36677 5.3979 0 0 0
7.75126 3.09693 0.847021 0 0 0
-8.12323 1.64179 -2.53655 0 0 0
-4.17065 1.63432 7.1227 0 0 0
2.41423 1.50019 6.97191 0 0 0
0.202605 2.99534 4.98079 0 0 0
4.9487 4.34376 -2.19452 0 0 0
1.56589 9.17433 -6.93178 0 0 0
6.54857 -4.65144 -2.93075 0 0 0
4.98169 -4.33525 -1.00349 0 0 0
-1.77902 9.40701 3.69753 0 0 0
0.95922 -0.941652 6.29272 0 0 0
8.66832 -8.92678 2.93929 0 0 0
-7.60203 4.73648 2.30513 0 0 0
4.74939 -5.13849 7.32444 0 0 0
-6.82349 -0.684996 0.52378 0 0 0
9.02492 4.71104 4.63171 0 0 0
-6.12441 -4.8578 -7.98888 0 0 0
-8.11971 -0.966967 -2.32138 0 0 0
-8.70735 -9.12539 4.61776 0 0 0
-5.51651 2.11977 -1.046 0 0 0
-7.29048 -0.0106794 2.16057 0 0 0
-0.823247 3.07813 8.10919 0 0 0
-5.58341 -5.72853 -4.40442 0 0 0
-4.11754 -3.86011 -9.41502 0 0 0
6.84541 -5.04368 2.96907 0 0 0
8.61335 -2.55194 0.842336 0 0 0
0.217424 3.79343 -7.29932 0 0 0
-6.00023 0.35641 5.73432 0 0 0
7.34126 -2.4496 8.75236 0 0 0
9.55481 6.90722 6.98812 0 0 0
7.60557 0.176419 -8.15315 0 0 0
-2.36274 -2.62313 6.79646 0 0 0
-1.92289 6.92492 -4.3403 0 0 0
0.981121 -1.87134 3.92834 0 0 0
7.59205 9.19433 -7.94363 0 0 0
-2.1407 9.35758 8.95262 0 0 0
1.0496 -8.28072 -9.35281 0 0 0
-1.44958 5.93259 2.7893 0 0 0
-4.15643 -3.87424 -2.50263 0 0 0
2.7019 -3.21557 8.60363 0 0 0
7.0047 7.99697 -4.20969 0 0 0
0.905543 -5.38404 7.45929 0 0 0
-7.96668 -4.64896 -2.42308 0 0 0
-9.0688 5.538 3.67671 0 0 0
5.11881 0.412347 -3.98539 0 0 0
-5.14379 -5.84201 -7.80913 0 0 0
6.00954 0.528349 5.49247 0 0 0
-0.0760029 7.63551 7.93972 0 0 0
5.47929 -8.81727 9.44923 0 0 0
0.341092 1.14245 6.89618 0 0 0
-5.03931 4.26975 -8.47409 0 0 0
4.21928 1.07641 1.47943 0 0 0
-8.51238 5.85742 -2.12266 0 0 0
9.53276 4.42782 5.68242 0 0 0
-5.34115 6.76563 5.62696 0 0 0
1.28631 1.46444 7.63096 0 0 0
9.04984 -0.250081 -3.80579 0 0 0
1.46975 -7.19541 4.04659 0 0 0
1.19034 -5.4722 -3.55773 0 0 0
3.29002 6.42531 -8.43428 0 0 0
-4.61727 4.23851 2.52714 0 0 0
-9.24757 5.67838 -6.47598 0 0 0
-5.1679 4.96856 0.809446 0 0 0
3.23751 8.76829 -2.36255 0 0 0
1.16512 -3.21121 -3.18696 0 0 0
1.14949 -3.54539 -0.96926 0 0 0
1.14085 3.99117 8.40363 0 0 0
-2.32637 1.80545 1.02483 0 0 0
-2.35812 4.51641 2.29501 0 0 0
8.12434 -5.67229 -1.44456 0 0 0
-3.38383 -7.94909 -4.81429 0 0 0
-3.28255 5.93031 4.45798 0 0 0
-0.515854 2.57736 -7.03107 0 0 0
8.20259 0.889722 -4.71993 0 0 0
2.12386 6.65392 -4.56865 0 0 0
1.7647 -4.86048 -8.45784 0 0 0
-2.04645 -2.57007 3.94273 0 0 0
-7.56323 1.1383 -9.41113 0 0 0
7.66001 -5.82398 -8.21506 0 0 0
-0.894179 7.82718 -3.86516 0 0 0
-0.424439 4.56565 -8.27159 0 0 0
-8.84644 3.34138 -5.7784 0 0 0
-5.17557 4.46769 -5.60877 0 0 0
-4.48424 2.8735 4.53327 0 0 0
-6.37519 2.28172 3.27455 0 0 0
-7.06676 -2.42149 6.05118 0 0 0
4.42049 8.18005 0.979536 0 0 0
5.96049 -8.18877 -4.71024 0 0 0
3.50895 7.64342 -8.77809 0 0 0
-5.81401 -5.94935 -6.86393 0 0 0
2.1351 -9.13048 3.98254 0 0 0
5.62019 2.64057 7.18397 0 0 0
-2.57152 8.39865 -8.40918 0 0 0
6.56232 -1.89558 -6.75651 0 0 0
-4.87034 -9.11405 -0.902563 0 0 0
-9.52526 0.0068274 -8.2192 0 0 0
-0.545468 -4.25961 1.19337 0 0 0
5.90643 -3.78317 -4.00429 0 0 0
0.0908546 -6.13372 7.03662 0 0 0
-0.263481 -6.3031 -5.14005 0 0 0
-1.7129 3.86692 8.66991 0 0 0
-0.80608 -7.94221 -3.9828 0 0 0
2.36421 -4.29056 8.29919 0 0 0
3.91484 3.88956 1.42562 0 0 0
-9.03712 -7.28456 -8.49393 0 0 0
-7.1457 -0.849583 -8.33771 0 0 0
0.95215 4.34279 6.23152 0 0 0
2.33157 7.1012 2.71322 0 0 0
6.54571 7.68734 -6.84279 0 0 0
4.11183 7.73165 -2.56061 0 0 0
-8.30135 -2.24331 6.57815 0 0 0
4.57036 -5.51008 1.41861 0 0 0
2.7487 7.01719 4.28066 0 0 0
-6.35628 2.17838 -3.27612 0 0 0
-0.64879 -5.93533 3.50403 0 0 0
8.83304 -6.05452 -8.6158 0 0 0
-2.633 5.11075 -0.190467 0 0 0
-5.06721 -9.34082 -2.24444 0 0 0
-1.95837 -1.64134 -3.78484 0 0 0
0.31088 1.84399 8.45511 0 0 0
-8.81926 -3.8827 -5.08705 0 0 0
-3.08025 -8.98607 -2.07295 0 0 0
5.00189 -0.0589161 7.72807 0 0 0
8.00503 4.36674 5.1067 0 0 0
6.48007 8.99796 -5.07073 0 0 0
-7.46922 -1.2322 2.26921 0 0 0
-1.96565 -9.17032 7.66183 0 0 0
-7.4768 6.94368 -1.31697 0 0 0
4.6882 5.78428 -5.41288 0 0 0
5.53317 9.21574 -6.02192 0 0 0
-6.46076 -7.96986 -2.2199 0 0 0
-2.20289 4.98821 1.41871 0 0 0
8.42907 -7.56212 -3.31727 0 0 0
9.54755 6.31219 -8.25635 0 0 0
9.24894 3.0442 -1.57987 0 0 0
-8.7097 -4.01193 -2.82712 0 0 0
0.204352 9.49537 -2.37742 0 0 0
5.68811 -7.64155 8.46206 0 0 0
8.59121 2.15303 8.27844 0 0 0
1.83536 -2.05462 4.75879 0 0 0
8.96508 3.56054 5.42349 0 0 0
0.193472 -6.07095 -8.6391 0 0 0
5.21135 0.604936 9.33954 0 0 0
5.59654 -6.20423 6.25163 0 0 0
-5.89859 -0.151324 -5.54073 0 0 0
4.93453 -0.390118 4.7724 0 0 0
8.53072 -4.69913 -1.60344 0 0 0
-3.2585 -3.35518 7.39345 0 0 0
-6.07296 -4.44607 -4.10844 0 0 0
-1.50915 6.45628 5.87335 0 0 0
3.16995 -3.06463 -9.1266 0 0 0
-8.15816 -9.03927 8.90554 0 0 0
5.50243 1.03274 -1.96288 0 0 0
-4.78925 -5.5254 4.0333 0 0 0
-8.70495 -1.86857 -3.75678 0 0 0
-8.49029 7.63556 -8.93475 0 0 0
-7.39479 -8.96188 1.61516 0 0 0
6.72446 1.0315 -8.25926 0 0 0
7.61579 -3.5781 -7.94849 0 0 0
7.88144 -0.462001 5.58981 0 0 0
-0.547958 3.06044 9.12579 0 0 0
-5.05275 -1.21268 9.32925 0 0 0
-6.94806 0.302056 -5.25631 0 0 0
0.332243 8.27948 9.21018 0 0 0
-7.04372 5.31084 0.628845 0 0 0
-9.17431 9.25626 9.10487 0 0 0
7.38888 0.680647 -1.34975 0 0 0
-3.53466 -9.53493 5.4226 0 0 0
3.71215 -5.71187 4.3639 0 0 0
-7.59846 7.00568 -5.27111 0 0 0
3.6305 -0.829308 5.18334 0 0 0
6.7894 7.92473 0.766147 0 0 0
1.16976 -3.08571 3.02907 0 0 0
2.5338 -7.07389 2.73078 0 0 0
-3.12885 3.4033 9.16804 0 0 0
-8.30751 -5.61992 -1.44465 0 0 0
6.85003 -8.71398 7.54197 0 0 0
-4.80862 6.90719 1.62174 0 0 0
-1.13553 1.24114 9.32646 0 0 0
-2.73123 5.61451 -5.71941 0 0 0
1.71915 2.64373 1.46729 0 0 0
2.4557 -5.36503 -3.58774 0 0 0
-2.56189 -3.57564 2.80464 0 0 0
5.01498 5.28455 5.81073 0 0 0
4.08537 4.26422 8.3938 0 0 0
5.9856 1.7859 5.1967 0 0 0
3.77436 8.91913 -9.21545 0 0 0
-2.63243 -8.7274 2.69029 0 0 0
-0.887612 4.3449 4.46168 0 0 0
-5.35366 1.44233 -2.40299 0 0 0
-2.17076 6.69331 -2.42457 0 0 0
1.40355 8.27203 1.74623 0 0 0
-1.60019 3.28154 1.09792 0 0 0
8.64952 -8.81139 7.18664 0 0 0
2.87707 -6.63435 -3.23997 0 0 0
-4.1232 -5.04041 6.34408 0 0 0
-3.54961 4.38372 -2.26507 0 0 0
1.2775 -0.73761 -1.36973 0 0 0
2.84861 -2.67076 -0.97316 0 0 0
-2.15751 -5.62259 0.271551 0 0 0
-5.38349 3.55451 7.74754 0 0 0
-9.12698 -6.33739 4.72532 0 0 0
-0.296289 -1.49507 -4.78283 0 0 0
2.63424 -4.01512 7.14747 0 0 0
-8.34678 0.401015 1.72745 0 0 0
-5.91539 8.06536 -5.57681 0 0 0
9.27796 0.678511 2.84139 0 0 0
-2.84212 4.73533 -1.31876 0 0 0
-5.42959 -3.49114 5.0244 0 0 0
0.429379 -5.07783 -8.76003 0 0 0
2.34137 -1.58056 2.01472 0 0 0
-1.57252 -3.73531 6.61549 0 0 0
-1.02562 6.61426 7.35463 0 0 0
0.7675 1.92702 -4.89443 0 0 0
-6.94353 -1.74334 -7.08573 0 0 0
8.23104 -0.602936 -5.6319 0 0 0
-1.25136 1.90365 -2.86939 0 0 0
4.99969 2.42589 5.23195 0 0 0
-5.43145 -0.455444 -2.08346 0 0 0
-6.37737 5.94194 3.8098 0 0 0
-5.36184 -5.1768 -9.27439 0 0 0
-1.19605 7.25483 -9.41722 0 0 0
-9.15156 7.80588 3.94572 0 0 0
-1.27269 4.74334 -2.81088 0 0 0
7.72582 -4.3933 -4.69412 0 0 0
1.49677 0.383907 8.5461 0 0 0
4.48035 -7.39745 -3.12106 0 0 0
-3.96018 -0.612026 2.67675 0 0 0
-7.9393 2.54442 -3.61973 0 0 0
3.29141 1.38883 7.65218 0 0 0
-3.79199 6.1346 -8.03915 0 0 0
9.32264 6.17881 5.60599 0 0 0
-7.59721 -4.34248 9.33391 0 0 0
5.25352 -7.35384 -1.28882 0 0 0
2.53469 -5.57917 -7.23607 0 0 0
4.66862 -1.22858 -4.35586 0 0 0
-3.58539 -8.4999 3.22382 0 0 0
4.32316 -2.61738 3.69499 0 0 0
0.498237 -8.62199 -1.08663 0 0 0
-8.52057 7.74997 0.062418 0 0 0
1.98799 -5.08466 4.0803 0 0 0
-6.58872 -3.11009 -9.44766 0 0 0
-8.56985 1.49285 -7.68656 0 0 0
-0.289008 0.707013 -9.16274 0 0 0
4.14022 -3.54736 -7.76241 0 0 0
-4.72296 -6.32496 1.65405 0 0 0
-8.59936 -3.04707 2.72376 0 0 0
2.53625 -2.17557 0.80792 0 0 0
0.109942 -5.36227 1.25401 0 0 0
4.16864 -7.31788 3.59262 0 0 0
-5.18792 1.92574 9.19726 0 0 0
-1.73417 6.0783 -0.171883 0 0 0
-9.05998 -4.51121 5.88105 0 0 0
7.5263 6.47771 6.99454 0 0 0
-5.53839 3.92594 -9.27634 0 0 0
-5.4524 3.10076 -3.9072 0 0 0
-9.02979 -6.93939 -0.616207 0 0 0
7.07617 -7.74386 4.55351 0 0 0
3.34148 -1.02716 -9.36942 0 0 0
6.19401 7.02434 -4.05996 0 0 0
6.90997 -5.29633 -1.98268 0 0 0
5.31231 -0.765429 -0.923435 0 0 0
-3.46713 5.62264 8.78422 0 0 0
-5.72371 -0.428587 8.00494 0 0 0
8.52338 0.126554 -2.49483 0 0 0
-7.27668 6.82617 8.15786 0 0 0
-0.0110569 6.35246 2.0312 0 0 0
2.80619 4.41734 -2.44925 0 0 0
9.37619 2.68216 9.33392 0 0 0
0.184262 8.30645 3.88473 0 0 0
0.571621 6.2226 -3.93467 0 0 0
-8.34273 1.21361 5.74461 0 0 0
-6.46418 -7.40451 4.003 0 0 0
-2.93555 -5.12827 -0.498481 0 0 0
1.42849 3.24097 3.07156 0 0 0
5.62164 1.69826 -8.63882 0 0 0
5.20455 -1.28351 8.39157 0 0 0
-6.44447 0.97515 -7.26259 0 0 0
-6.34447 4.99194 7.84732 0 0 0
4.7262 -1.74721 2.428 0 0 0
2.669 -0.512062 -7.66939 0 0 0
1.22622 -4.22638 7.92787 0 0 0
-8.09528 -9.10428 -4.81167 0 0 0
5.54892 3.05609 -5.32951 0 0 0
7.72689 7.00266 -2.53822 0 0 0
-2.11442 -2.46291 9.32929 0 0 0
1.0244 5.25824 -2.87886 0 0 0
-0.274135 5.35355 4.39386 0 0 0
3.71303 -3.10454 4.83518 0 0 0
1.95239 -7.91099 7.63884 0 0 0
5.02412 6.45675 3.69631 0 0 0
0.840511 0.492885 -3.80794 0 0 0
2.22345 5.01288 -0.444515 0 0 0
7.53039 8.17994 -3.09076 0 0 0
-6.09127 6.32768 -1.34826 0 0 0
-2.95462 1.96091 -7.83454 0 0 0
-8.5407 0.696634 -2.18172 0 0 0
4.02185 8.48743 4.78631 0 0 0
3.69655 5.51055 -6.04985 0 0 0
-6.28373 5.29238 8.98654 0 0 0
-1.28521 1.87782 -5.97824 0 0 0
9.10967 7.68191 0.698612 0 0 0
-5.46307 -3.6805 -7.30622 0 0 0
5.94282 -3.0577 -7.90706 0 0 0
1.93036 0.313048 7.41289 0 0 0
1.10901 -5.06315 -6.94749 0 0 0
5.19838 1.85233 2.95761 0 0 0
-3.93664 -8.35425 -1.31754 0 0 0
-1.07161 -5.63983 -0.759159 0 0 0
2.02569 5.92494 3.28447 0 0 0
-0.740649 4.73087 2.39292 0 0 0
7.82533 3.59408 7.58822 0 0 0
-5.57509 -6.48683 -0.78439 0 0 0
8.58954 1.25796 -0.00639478 0 0 0
9.32398 -2.97514 -6.85161 0 0 0
3.49302 -4.91536 5.25875 0 0 0
2.68935 -3.86246 -0.602023 0 0 0
-3.32049 2.91029 -7.17936 0 0 0
7.44511 -4.52563 6.92168 0 0 0
4.03738 -0.784835 -3.70393 0 0 0
-4.2577 8.94364 2.82137 0 0 0
5.74032 -4.01337 7.2612 0 0 0
6.72498 -8.68805 2.84886 0 0 0
6.47158 -7.58409 1.24972 0 0 0
-3.67062 0.433401 9.54044 0 0 0
-3.90558 -5.02678 9.17098 0 0 0
4.44539 -2.71541 -6.20142 0 0 0
6.77848 -7.08981 5.36534 0 0 0
2.01024 -0.219661 3.308 0 0 0
-1.37175 -6.4536 -1.42264 0 0 0
-2.08292 -2.56742 -1.21056 0 0 0
3.88619 2.78736 4.43346 0 0 0
-1.51169 7.45038 -2.07577 0 0 0
3.27969 -1.70804 -1.46644 0 0 0
-2.84316 -7.45457 4.00784 0 0 0
-3.54135 6.0437 -2.3715 0 0 0
7.54224 -1.53037 -0.292969 0 0 0
-8.90534 6.52784 9.4033 0 0 0
-8.07199 -2.80602 -6.91326 0 0 0
9.3407 2.11282 -2.46464 0 0 0
